672.69104, 222.62373
672.94775, 40.107727
674.3365, 620.36774
671.8736, 547.68713
672.9251, 556.8359
671.83813, 58.401985
671.99023, 411.3898
671.2579, 235.66418
671.2579, 235.66418
671.6326, 380.95975
671.2328, 440.58633
671.22754, 499.42978
670.3201, 194.89207
672.07086, 666.83044
34.480907, 306.83188
669.9859, 52.02435
671.38696, 523.28516
35.08925, 360.32504
673.7871, 35.22798
671.3864, 635.68823
669.48627, 384.529
670.1617, 117.02049
669.0782, 64.4489
670.44165, 502.98956
669.6104, 180.07225
669.39514, 338.61157
668.74524, 207.12196
670.10547, 610.6355
669.2668, 305.0289
40.313816, 580.8783
673.5759, 207.0885
669.184, 318.59775
42.235573, 601.9006
668.8395, 125.92724
674.39087, 396.2035
674.49585, 467.6205
668.02234, 150.62161
42.522415, 543.20056
38.88023, 211.49004
674.9447, 531.20233
40.022003, 261.51846
40.022003, 261.51846
667.83093, 442.41553
674.04895, 210.79224
667.0866, 426.6018
667.0866, 426.6018
667.0866, 426.6018
42.120007, 340.1836
667.0577, 267.7849
667.0577, 267.7849
666.8762, 401.7265
674.04895, 210.79224
42.211285, 266.00186
668.05414, 558.90015
666.48065, 216.97502
43.95745, 335.72415
43.95745, 335.72415
45.446907, 512.7571
46.121655, 545.9066
674.5023, 282.74683
44.02745, 295.28513
43.13804, 231.99976
666.0464, 287.62228
44.597572, 281.34918
666.0464, 287.62228
675.07056, 409.58224
48.436455, 571.7204
665.97345, 293.92368
665.68756, 91.68695
666.7587, 665.4706
665.89465, 256.60065
666.268, 665.2101
44.579533, 218.08742
666.7587, 665.4706
665.24524, 115.86177
46.077145, 312.1261
48.144646, 497.04517
675.17926, 601.1353
664.93787, 210.11876
675.17926, 601.1353
675.2714, 535.3161
47.150608, 300.77762
665.4583, 551.4306
665.55115, 641.87573
664.61804, 403.14478
663.59503, 264.8117
663.87726, 269.7722
663.87726, 269.7722
50.402096, 582.2181
663.77875, 52.09292
51.555733, 585.2163
52.502895, 625.8465
665.6179, 615.47833
50.80311, 485.46057
664.5904, 608.26105
664.5904, 608.26105
663.204, 575.327
49.861423, 369.40115
49.227013, 333.29446
49.227013, 333.29446
675.20996, 267.89285
49.39639, 245.85126
53.535347, 629.8861
675.4962, 542.32214
675.011, 236.66457
661.88696, 416.6655
662.8101, 496.34128
53.69509, 552.61676
53.69509, 552.61676
53.187206, 473.02008
660.73474, 234.98459
51.91229, 406.82663
675.0347, 216.73154
661.5906, 566.9217
661.5906, 566.9217
661.8678, 646.1065
56.830082, 626.8896
660.4651, 87.997215
675.84326, 563.8473
52.67913, 289.20007
661.0559, 256.60144
660.8655, 116.26857
661.01263, 472.14847
675.57184, 272.54987
56.884773, 604.31024
675.57184, 272.54987
659.8898, 58.58563
52.853657, 201.13702
52.284763, 112.91191
660.6851, 653.1944
660.05835, 572.6381
675.3816, 168.33592
660.36896, 525.5587
660.7548, 668.4534
659.71655, 580.3435
55.521442, 338.72485
53.01885, 125.02857
659.5652, 558.4759
59.08372, 631.95026
658.6565, 96.68569
659.7029, 536.60706
56.9129, 487.4256
659.21466, 300.45987
658.42834, 290.11484
54.27167, 102.89969
56.327484, 311.81628
59.98989, 583.01855
675.73816, 337.8131
657.2747, 91.27194
657.2747, 91.27194
657.18536, 128.39621
55.979416, 218.8153
676.1814, 347.84103
676.5148, 333.21323
57.782715, 273.47543
57.782715, 273.47543
657.9318, 605.8919
657.07837, 442.53342
657.07837, 442.53342
55.949413, 55.588573
55.949413, 55.588573
55.949413, 55.588573
676.0433, 182.98921
656.354, 147.50278
656.5309, 123.56642
656.3233, 114.60886
656.445, 379.6878
656.445, 379.6878
655.821, 467.74905
655.90344, 447.4081
655.6464, 472.23184
655.471, 492.87003
676.41736, 93.15212
655.48114, 645.5954
655.48114, 645.5954
58.305836, 92.30799
654.1729, 111.98546
653.96106, 266.4398
61.175148, 360.9998
61.175148, 360.9998
653.4761, 194.21834
653.4761, 194.21834
653.48676, 437.97037
654.338, 596.9098
63.55636, 522.0755
654.338, 596.9098
652.94165, 238.3759
59.837612, 112.71066
59.352383, 79.60271
654.00226, 554.8641
65.60763, 628.6005
64.492424, 519.4924
654.00226, 554.8641
652.3147, 89.02141
652.3147, 89.02141
653.35406, 587.16846
62.724297, 224.46158
64.38421, 337.5399
64.44536, 363.17612
67.08665, 558.31116
652.1114, 120.8145
652.1114, 120.8145
62.387875, 66.84383
652.38464, 638.41766
652.22955, 525.16223
62.838764, 87.76927
65.27022, 357.01266
65.27022, 357.01266
63.623547, 132.3268
650.0692, 199.45946
63.6377, 103.776634
64.52825, 203.92305
677.3789, 449.51373
65.9363, 289.96158
65.9363, 289.96158
64.83311, 181.7653
649.91095, 207.41364
66.265884, 334.26166
677.33203, 355.49783
65.61822, 227.21205
66.553055, 268.8194
66.63356, 272.03223
65.62236, 135.31163
650.54596, 667.5713
68.60181, 393.84354
68.60181, 393.84354
69.68767, 492.9415
650.46875, 576.69275
71.84034, 584.30664
67.19308, 187.95583
67.15441, 144.15675
70.166466, 444.71945
66.99813, 80.630646
66.99813, 80.630646
677.59485, 422.30075
68.39777, 239.49063
649.16846, 37.338413
69.18209, 228.38974
677.56036, 539.8012
72.18414, 545.59076
72.18414, 545.59076
73.66212, 666.69867
68.80987, 233.0798
68.80987, 233.0798
677.91956, 533.4165
677.91956, 533.4165
648.6384, 242.06012
71.14652, 341.09326
71.25144, 363.98315
71.92219, 430.2516
71.92219, 430.2516
76.01955, 674.8963
71.3927, 314.45874
676.9889, 206.1524
648.84985, 656.1949
74.09176, 565.1459
70.97151, 283.44174
648.06775, 268.10663
72.59093, 336.92282
71.17494, 219.41386
72.049416, 262.29288
71.20416, 156.25389
648.35364, 474.6494
74.721146, 444.38342
72.867424, 269.835
72.75574, 241.78836
72.75574, 241.78836
71.86668, 128.08983
71.54095, 75.50242
677.4091, 138.55254
646.56793, 112.83337
76.49699, 588.62604
646.9727, 354.81616
678.4735, 580.82214
78.09208, 630.91205
677.8434, 468.19125
72.142, 79.77584
72.142, 79.77584
76.401596, 520.9041
76.401596, 520.9041
76.401596, 520.9041
76.93432, 561.01794
646.4572, 208.30919
647.0375, 465.39935
72.428566, 105.94331
74.114815, 276.0893
646.74567, 261.7293
72.89895, 102.8466
677.319, 200.2663
645.58167, 232.91855
75.5512, 383.78677
74.85863, 264.93222
73.71788, 144.9895
78.66324, 634.3252
76.930786, 441.74115
74.85863, 264.93222
677.319, 200.2663
73.54655, 93.24577
645.78754, 527.48456
645.92444, 282.88138
645.92444, 282.88138
73.78243, 55.14344
74.789246, 124.89465
77.24818, 335.08273
645.49677, 149.96869
75.5834, 207.88647
76.904236, 313.0921
644.7784, 242.9505
644.8626, 413.79886
79.290306, 504.03458
645.93475, 605.83466
76.77942, 235.5888
77.05291, 174.46916
644.3537, 59.420258
80.86054, 545.2385
678.166, 41.16701
643.6115, 204.64363
80.80609, 519.27386
82.41209, 635.82336
643.7451, 35.108562
643.5231, 440.06888
77.98639, 197.50827
76.922005, 104.85214
78.98065, 290.94763
78.09055, 227.36792
643.4594, 316.61523
77.11364, 101.56157
643.4594, 316.61523
643.31366, 145.16907
642.82513, 106.12453
642.95105, 120.41376
642.5496, 154.78345
643.12714, 494.8822
643.12714, 494.8822
643.19714, 354.06873
642.9661, 328.98825
78.44917, 205.02333
643.0565, 288.8587
83.327866, 590.7064
81.27477, 360.08527
643.0565, 288.8587
678.5121, 240.68456
642.4731, 371.43973
642.4731, 371.43973
643.11597, 463.72998
643.11597, 463.72998
84.51143, 606.05145
642.3612, 269.70145
679.06964, 498.91473
79.46891, 149.58008
80.90315, 290.5607
641.64185, 368.5187
79.55558, 79.04117
79.55558, 79.04117
82.65149, 390.6006
82.93196, 352.82788
82.73684, 336.26904
81.598434, 250.43886
82.90174, 320.56772
83.986595, 432.564
640.95703, 117.36191
81.58424, 164.18472
641.52374, 574.3359
640.3544, 89.14668
83.46885, 359.99518
83.46885, 359.99518
81.95941, 208.54759
86.98775, 587.77527
86.98775, 587.77527
84.57323, 425.42117
86.98775, 587.77527
86.98775, 587.77527
640.6522, 441.17978
83.553345, 344.68622
83.553345, 344.68622
639.98193, 374.19138
83.95415, 357.1172
679.0268, 320.97748
640.4832, 644.2852
84.30773, 363.18634
640.4832, 644.2852
87.45739, 606.14526
640.46497, 522.2616
639.62384, 351.96136
640.10095, 509.5717
84.326515, 261.92188
87.458305, 518.1742
84.2749, 225.42458
86.14002, 429.20737
86.14002, 429.20737
639.7665, 207.37642
83.593765, 101.39752
83.593765, 101.39752
83.19357, 127.037506
83.19357, 127.037506
84.05592, 176.83604
640.1524, 554.6559
84.90946, 248.69237
85.93339, 359.88388
85.93339, 359.88388
87.2045, 473.2222
89.10388, 661.07654
84.46477, 150.06114
639.6399, 267.3082
85.07083, 222.44594
639.9829, 559.48895
638.65436, 370.61035
87.71582, 411.86285
89.117294, 567.62683
638.6198, 253.96881
89.42062, 548.0808
638.3369, 257.38254
90.533554, 632.35333
680.38135, 616.07465
84.73277, 58.554962
679.86053, 414.35754
84.73277, 58.554962
85.68795, 173.83694
638.323, 98.015495
85.33634, 120.96391
638.7127, 294.37708
638.4485, 284.6734
87.936844, 382.12665
91.04203, 650.7576
88.44808, 345.9719
90.968575, 588.37494
679.6997, 156.36229
87.009926, 179.50845
87.870155, 287.31418
88.424515, 269.66263
89.0991, 389.9315
637.6986, 59.998714
88.37949, 272.73358
639.3077, 667.43726
638.3365, 466.05847
867.15955, 333.15875
90.39946, 434.12842
867.15955, 333.15875
636.7698, 285.51083
867.15955, 333.15875
637.41986, 562.14496
89.10954, 249.54745
89.10954, 249.54745
90.47474, 363.82645
636.90686, 549.97815
92.09564, 517.168
636.7334, 459.6536
92.91367, 635.7222
93.03835, 566.5745
88.4895, 103.714836
635.8358, 265.18204
88.07918, 54.011856
88.88494, 172.48668
636.554, 507.87277
91.24545, 346.88068
89.96476, 234.06882
89.96476, 234.06882
92.137115, 487.57285
636.554, 507.87277
636.554, 507.87277
88.83723, 100.54399
89.72411, 152.54387
635.16943, 184.92915
680.4862, 586.1561
636.20764, 518.0162
90.0081, 49.640972
90.0081, 49.640972
91.820526, 310.72415
635.08887, 206.84085
92.51264, 245.75735
861.35333, 170.43436
636.46136, 671.7647
94.7984, 518.875
96.87565, 632.71136
91.49235, 132.16632
96.95959, 655.4676
634.35175, 147.82156
633.999, 175.96368
633.999, 175.96368
634.36194, 426.47433
92.286575, 85.35297
632.69916, 43.90101
633.58496, 439.93976
633.58496, 439.93976
634.0688, 610.2701
632.98706, 325.95764
633.6252, 560.84235
93.95533, 235.40254
98.13447, 613.8205
95.113686, 332.47894
633.07477, 409.2587
632.9397, 418.161
632.835, 383.8873
632.972, 460.80908
93.392815, 120.9512
94.423904, 267.0326
632.8235, 451.3604
632.94684, 573.71625
632.3933, 289.2681
632.29083, 328.99728
97.29114, 489.59433
96.62281, 384.04364
633.0711, 613.7224
94.471115, 101.02217
631.24615, 265.3736
96.586555, 337.54373
680.1738, 93.47583
96.79509, 360.04776
96.78954, 326.66382
630.58826, 198.51894
95.33109, 133.52544
98.90981, 505.1343
100.53694, 658.98584
97.81094, 341.7803
99.886406, 522.7139
99.886406, 522.7139
631.39545, 400.32562
630.4965, 53.702866
96.120735, 172.40846
95.226265, 47.995193
629.9455, 64.025665
631.7969, 665.95404
631.4968, 525.5204
100.630226, 540.76526
100.630226, 540.76526
98.40487, 315.96063
97.60073, 289.91602
97.60073, 289.91602
631.4968, 525.5204
845.299, 261.30997
630.5147, 423.57355
101.66616, 534.3116
630.5147, 423.57355
102.42535, 625.40546
96.79252, 114.743385
844.6866, 141.61038
844.6866, 141.61038
101.378586, 486.66815
99.31245, 286.85046
99.31245, 286.85046
98.67845, 219.23312
102.547264, 589.69965
629.5216, 47.857773
629.908, 269.43906
629.408, 41.472416
99.699715, 267.67062
98.350784, 80.53594
844.0032, 388.16354
98.28795, 73.53069
630.1361, 446.36307
843.88104, 259.84164
100.43251, 225.64716
102.11453, 362.83557
630.8174, 615.8161
629.92255, 600.5466
629.6214, 494.21222
840.3877, 82.411125
680.5166, 292.9339
629.5731, 668.7242
100.6347, 252.00545
100.6347, 252.00545
100.99626, 264.8966
104.18412, 546.9473
100.9598, 193.23169
627.4821, 179.95563
102.56027, 336.92514
102.56027, 336.92514
105.23257, 642.68506
105.23257, 642.68506
627.9289, 321.05112
103.839806, 471.6255
100.98772, 219.04044
105.4648, 650.25635
100.837975, 122.92879
103.07989, 353.6398
103.07989, 353.6398
103.27597, 328.60184
100.50337, 119.30717
627.8573, 427.7819
627.8573, 427.7819
628.7003, 604.8464
680.8876, 474.87527
626.8033, 91.244514
103.114784, 307.9936
103.114784, 307.9936
627.2493, 390.98953
102.38448, 190.90526
101.16509, 102.60804
105.17188, 479.15134
106.65982, 634.59515
627.0181, 433.16037
104.46602, 455.7965
104.06973, 386.94266
105.061806, 416.98425
105.08565, 388.12454
105.339195, 425.47238
101.71965, 57.47525
626.7755, 440.10535
103.9845, 289.0823
103.9845, 289.0823
626.4923, 96.22673
104.53984, 359.29065
626.5817, 292.621
626.49255, 36.052677
105.9848, 439.15308
105.9848, 439.15308
626.71594, 378.3851
836.9787, 143.54366
836.9787, 143.54366
106.39143, 428.70078
104.58741, 237.71362
107.542694, 556.30536
625.8676, 189.39528
626.8231, 417.70245
626.8231, 417.70245
107.85518, 532.4338
107.03242, 458.75476
106.506195, 412.7012
626.8709, 400.83102
107.94293, 507.77185
107.94293, 507.77185
109.38008, 659.99176
104.94345, 248.04973
107.1965, 475.31445
627.37024, 613.2237
106.63379, 333.91287
103.84274, 78.41369
104.04676, 98.79813
623.71405, 184.29097
107.984985, 468.50922
106.97789, 321.94724
624.6483, 382.26764
680.32605, 131.92459
106.59657, 290.31348
625.394, 582.3751
681.6546, 516.10126
105.94804, 125.08331
108.71891, 419.33826
108.5909, 426.55093
107.56359, 361.14075
107.56359, 361.14075
109.44645, 529.5653
624.1359, 264.87775
105.87537, 105.203026
623.4329, 54.643764
110.69712, 569.7696
106.91878, 102.60019
623.4329, 54.643764
106.57103, 75.187935
834.44, 391.91525
833.7204, 312.21164
833.7204, 312.21164
110.78734, 501.04364
110.78734, 501.04364
110.78734, 501.04364
681.8915, 579.16876
681.78534, 554.55206
622.4731, 128.83194
623.21515, 320.67773
112.349174, 618.9373
622.2002, 90.25719
109.08315, 260.41708
622.2313, 177.46385
622.4917, 146.57207
622.5481, 271.34372
621.4415, 122.294044
621.4415, 122.294044
621.54803, 135.73932
112.516304, 520.64246
622.199, 412.67212
113.566986, 660.2907
113.566986, 660.2907
112.67531, 510.48993
112.14418, 470.67026
113.54034, 586.6381
621.0476, 195.7911
623.1038, 660.05164
113.69611, 570.64606
621.0571, 71.88101
111.20786, 290.10184
111.20786, 290.10184
681.5194, 271.8604
109.48635, 78.51487
110.42148, 220.00735
110.03851, 111.68868
110.03851, 111.68868
111.67812, 322.07654
681.5194, 271.8604
621.35144, 334.00385
110.45071, 172.82167
110.45071, 172.82167
111.18456, 254.23247
620.3079, 206.87962
620.3079, 206.87962
115.49703, 595.85956
115.49703, 595.85956
115.56615, 566.98785
681.57806, 50.80503
620.46094, 378.66595
115.8844, 595.02905
620.4705, 337.99133
112.96999, 313.65555
112.96999, 313.65555
112.96999, 313.65555
112.92459, 236.59119
620.0623, 151.43716
116.6497, 609.83966
111.14806, 50.71242
111.14806, 50.71242
681.9402, 324.6436
115.5932, 526.89734
114.7368, 387.65802
115.60568, 497.88202
621.2898, 650.7843
619.75696, 239.72577
828.73865, 82.40815
113.47139, 268.3249
112.38348, 81.31009
620.833, 579.76324
619.2473, 229.16867
620.12103, 493.0591
114.80702, 293.86676
827.7266, 486.10663
114.02173, 196.77315
620.12103, 493.0591
621.2751, 659.3819
620.5584, 635.6599
114.16876, 198.11674
827.21027, 295.882
619.16486, 320.58636
618.9236, 481.65515
619.87885, 639.9437
118.08623, 516.9579
119.182045, 591.80725
115.621925, 255.06592
617.5742, 293.46664
114.82858, 75.054436
118.91517, 547.437
616.10516, 212.3494
616.33374, 349.87033
119.623856, 568.2528
120.79586, 637.13947
115.201515, 98.63117
116.87891, 249.35612
682.0735, 88.44789
118.3183, 362.02603
616.9799, 466.07288
615.44604, 232.22093
116.626434, 151.80649
116.626434, 151.80649
118.971664, 405.40082
826.55054, 393.87103
117.31231, 212.65642
119.98719, 433.05615
825.6467, 390.7762
119.34822, 411.6598
119.826126, 390.49667
616.67957, 545.2423
615.403, 189.20583
121.06494, 529.41254
616.4879, 496.10205
615.5142, 375.28287
615.06805, 198.78285
119.45398, 356.86978
616.4998, 643.9429
822.76794, 112.09997
683.3602, 537.69446
122.68992, 571.61804
616.21344, 605.3777
119.48561, 267.66867
616.1331, 594.8082
614.4494, 240.7303
118.14612, 48.52838
118.21172, 91.63266
614.0132, 168.46864
614.6444, 438.43295
122.60692, 494.30096
613.8528, 88.77352
613.78546, 425.1191
614.10583, 334.1208
613.6503, 378.8755
121.1135, 312.79074
120.637245, 232.17357
122.29119, 393.0785
124.538826, 592.52893
613.4508, 371.10025
612.9932, 241.96259
612.8638, 215.40257
125.48627, 596.9432
121.22609, 192.60432
125.0671, 584.6249
125.03682, 569.23285
683.19806, 118.966606
613.23944, 317.95203
121.75112, 290.76242
121.75112, 290.76242
613.23944, 317.95203
120.950615, 81.31772
684.42285, 237.34578
612.2262, 232.85638
122.330215, 267.94284
122.330215, 267.94284
122.10042, 223.21399
121.41837, 92.68066
121.41837, 92.68066
613.21045, 599.0439
121.41837, 92.68066
121.41837, 92.68066
122.61384, 201.6039
613.21045, 599.0439
121.88595, 101.085075
121.88595, 101.085075
123.09316, 250.86455
123.09316, 250.86455
122.10956, 149.42421
123.02785, 220.77733
125.33691, 414.86243
126.34341, 544.4202
126.98246, 590.5564
611.89764, 382.38797
123.132545, 119.306335
122.36861, 45.00233
122.87832, 75.3921
125.01964, 331.9943
124.38271, 361.4744
821.2558, 272.65146
612.6583, 529.4302
123.93596, 263.19858
612.5957, 494.02554
122.889404, 53.42623
124.394875, 271.1502
127.67125, 552.98364
685.21936, 591.91693
124.64289, 183.0187
124.64289, 183.0187
611.012, 208.65347
124.891136, 173.18367
611.012, 208.65347
611.0156, 73.355934
818.9939, 105.13676
127.688354, 433.85
127.688354, 433.85
611.19604, 264.4103
130.0565, 638.9081
130.0565, 638.9081
125.167625, 115.45939
611.5085, 464.38794
125.484764, 129.59134
124.903694, 170.42923
124.54797, 66.480804
125.3131, 45.43199
609.9708, 93.883026
126.81973, 186.45808
126.81973, 186.45808
685.1975, 462.6749
126.64741, 151.29266
609.6606, 35.83789
610.4368, 327.634
130.91357, 570.4292
610.7923, 542.9371
609.0791, 175.5696
129.31564, 332.34622
611.0981, 620.87244
609.8251, 318.00244
609.6397, 415.22363
610.225, 532.7954
127.05484, 88.02387
610.25995, 603.64294
608.5126, 154.00018
608.5464, 32.878353
130.69717, 463.35828
130.69717, 463.35828
132.57487, 642.23364
608.97754, 121.987495
131.74887, 525.61475
131.74887, 525.61475
133.28201, 607.82886
608.7818, 354.72076
128.84119, 98.89793
132.11528, 465.78586
608.933, 342.74677
131.98741, 409.9194
130.21997, 243.02225
608.11597, 379.6683
607.8325, 182.70015
608.1362, 431.27066
133.48299, 533.3741
608.1029, 548.9126
607.6805, 422.67978
607.6805, 422.67978
606.7743, 178.81123
133.8931, 506.3389
130.91171, 221.5564
130.14989, 74.42465
134.81604, 536.8484
134.81604, 536.8484
135.29599, 639.6392
135.29599, 639.6392
133.02658, 419.16595
134.07162, 521.13666
132.01968, 315.4179
606.46765, 126.1365
685.0587, 267.96832
607.23444, 493.78882
607.48517, 640.4001
606.3227, 415.7765
133.08539, 329.22415
606.3227, 415.7765
134.58733, 472.30502
133.68282, 396.53397
135.9958, 623.966
132.62212, 268.26868
132.58517, 241.18575
134.85646, 503.13165
605.3777, 93.733986
605.3777, 93.733986
130.98799, 70.71112
131.6471, 85.861176
606.8502, 598.5834
685.6141, 326.6854
605.5205, 382.34573
607.58276, 662.69135
686.8907, 538.3067
136.88153, 579.7767
133.9826, 237.59743
133.9826, 237.59743
136.0058, 477.47327
132.42818, 54.644833
604.7025, 294.6541
686.54346, 389.0837
137.49869, 559.22876
137.60518, 552.70074
136.04904, 393.43237
138.8216, 645.78314
138.08722, 568.36664
135.94289, 326.79825
604.50836, 281.47394
137.58504, 474.9952
604.7977, 470.60294
604.2182, 432.64206
138.37111, 544.6839
137.06908, 406.34625
140.148, 664.15375
136.3807, 309.07916
134.56425, 60.446854
134.30255, 49.25221
134.30255, 49.25221
136.32289, 226.16045
139.49754, 514.84753
134.37842, 145.638
140.10982, 556.10565
138.89847, 437.8501
603.3956, 128.86172
138.36008, 332.7917
604.736, 496.93958
139.74477, 505.0469
139.26768, 415.81967
136.32957, 77.91344
137.33992, 213.44437
136.6181, 89.38346
136.57036, 91.195526
139.41179, 337.19897
141.01495, 521.4294
139.85074, 423.60645
603.19965, 197.82954
603.19965, 197.82954
142.52876, 610.2404
138.66756, 242.3865
812.90985, 216.57146
137.14906, 45.00708
603.60864, 379.22534
140.23184, 396.46027
140.31033, 329.52402
139.46008, 273.92288
140.39958, 411.54117
142.70012, 593.9994
141.31065, 434.46014
141.31065, 434.46014
143.86832, 616.1483
143.86832, 616.1483
143.17662, 586.54486
143.17662, 586.54486
140.57095, 311.48364
140.57095, 311.48364
141.44461, 495.7968
139.79591, 169.65976
602.9341, 443.4932
139.99437, 196.27316
140.02397, 122.16461
603.8264, 615.11835
686.96326, 85.31457
602.578, 297.10696
601.8779, 440.73328
144.28917, 605.5617
601.3119, 170.47511
140.07487, 72.83161
601.33765, 267.82507
145.24117, 654.65515
145.17575, 647.6625
140.4651, 148.70583
600.50714, 151.68326
600.7496, 437.5772
600.5493, 115.56457
140.63443, 91.18782
143.44493, 398.19077
600.16583, 89.05742
144.93607, 505.4305
142.08173, 119.865715
146.22736, 595.2987
146.22736, 595.2987
143.78157, 347.1101
599.6048, 67.76296
144.33212, 388.8316
143.16856, 226.73264
599.4946, 36.377995
143.58783, 243.08914
687.2294, 205.2815
600.1287, 464.77246
599.17224, 237.2018
599.17224, 237.2018
598.40155, 125.85797
599.99866, 634.0656
599.30585, 518.9993
687.85455, 117.65189
147.86183, 536.0555
145.6983, 308.44574
688.43634, 384.11615
146.53009, 356.1993
149.70818, 647.16833
145.68358, 196.4009
599.611, 572.9137
599.611, 572.9137
811.26666, 441.15186
147.80486, 396.30557
599.4238, 657.8496
148.65808, 484.1569
145.69258, 117.8669
145.85362, 150.67734
149.96152, 562.4339
596.9572, 178.69304
150.89836, 664.0197
146.91855, 221.32983
145.35399, 50.495968
148.32246, 362.49048
148.32246, 362.49048
148.35704, 412.08795
150.02724, 532.99927
597.7038, 324.45404
146.58868, 125.14171
148.52158, 344.30017
148.04657, 316.47437
149.34238, 425.65015
146.4653, 83.53273
146.21162, 56.36412
688.4163, 210.61386
146.4224, 89.10621
146.4224, 89.10621
146.49774, 47.28195
147.87259, 170.49759
148.45909, 265.625
596.5922, 242.22694
596.3477, 34.32317
596.3477, 34.32317
689.47266, 554.799
150.89008, 460.22977
147.29944, 147.7209
597.2494, 512.08057
149.15483, 304.16116
149.15483, 304.16116
150.83722, 413.8676
596.33215, 377.14673
149.71252, 269.49115
150.08258, 297.87662
150.57663, 359.74594
152.26433, 529.5659
148.58467, 80.093704
151.80986, 394.42715
151.80986, 394.42715
596.3869, 384.0088
596.3663, 440.95535
152.4601, 458.55594
148.95204, 90.59113
151.7527, 348.45407
595.3089, 150.94604
808.48346, 357.93256
154.2314, 626.2258
154.2314, 626.2258
151.06096, 310.09244
595.5248, 121.16752
154.91826, 574.6826
152.54355, 341.6592
594.1948, 193.58551
595.8791, 518.72455
594.6617, 37.0578
596.2833, 672.2328
151.83426, 187.14413
594.0689, 174.06023
152.78029, 303.60004
155.63838, 595.66406
151.16867, 48.97512
594.9263, 334.52075
155.66772, 567.5774
596.0021, 666.5887
689.21, 270.788
151.80539, 91.36625
156.07727, 550.0
154.11243, 393.50473
807.0, 418.9871
153.96541, 287.92703
805.57776, 174.61339
595.33734, 574.23395
153.17368, 242.92622
154.29584, 344.65723
156.42607, 559.48035
153.85286, 291.00845
153.78503, 284.5967
155.11012, 506.55557
154.84773, 348.5614
805.57776, 174.61339
594.31055, 339.90375
152.76457, 79.05658
595.00916, 521.0488
593.8017, 115.51017
593.6409, 106.21107
593.72656, 294.4454
153.61548, 175.90895
153.61548, 175.90895
153.21225, 146.10225
157.78082, 626.5178
153.58614, 136.1983
154.17221, 126.64171
594.96643, 616.3451
594.96643, 616.3451
158.33458, 634.72723
594.97504, 653.5424
157.40709, 498.85284
154.25044, 120.67789
154.9047, 193.12057
593.0316, 275.2404
592.4256, 161.19745
805.5442, 267.02
156.91757, 395.28918
592.6199, 63.368015
159.86386, 622.1944
155.4651, 95.50336
156.07, 218.23677
689.71387, 500.47687
160.13707, 629.9663
160.13707, 629.9663
158.71051, 483.3844
158.71051, 483.3844
154.83066, 149.76901
157.58255, 340.40237
592.469, 358.57462
155.93633, 123.278854
160.0629, 551.27747
593.8956, 634.29724
591.80676, 67.456825
157.35982, 227.20543
591.80676, 67.456825
157.11295, 189.17685
157.11295, 189.17685
159.67052, 503.79333
160.09593, 487.27786
159.84492, 618.8793
689.71387, 500.47687
156.81752, 172.07005
157.15767, 166.64867
158.87999, 369.79242
159.0942, 402.06335
159.0942, 402.06335
156.65567, 99.443695
689.6273, 174.18253
161.78252, 595.1111
160.57649, 458.85178
689.9593, 528.5912
161.20346, 507.18146
158.95622, 223.92291
160.5114, 366.544
591.98785, 485.77148
158.44762, 105.6589
161.82062, 480.85907
160.42049, 266.51785
158.98648, 266.14108
162.19589, 494.96576
162.5907, 529.6782
804.7829, 566.44196
804.5347, 649.64764
592.9771, 656.5659
158.7653, 76.42111
161.20325, 397.6964
161.20325, 397.6964
161.24298, 363.47086
161.21585, 372.1428
160.31786, 238.62315
159.52205, 117.34365
591.6663, 454.37915
591.6663, 454.37915
160.97182, 263.9804
161.67255, 348.86713
590.75256, 270.80157
161.44629, 231.35344
162.39891, 331.2409
162.39891, 331.2409
590.75256, 270.80157
590.36285, 150.42899
592.0779, 611.9493
802.82825, 596.7536
592.0779, 611.9493
164.57538, 512.7101
590.58887, 347.15033
590.58887, 347.15033
164.66434, 412.8856
689.4128, 300.46945
162.89867, 280.9909
590.5327, 340.89966
162.5703, 243.20822
164.25233, 288.37338
591.7104, 600.7288
162.86798, 157.9945
589.93726, 286.9481
589.6987, 231.6667
591.741, 637.49
800.74457, 336.55008
590.2576, 329.16458
590.7468, 671.1728
168.11584, 649.09814
168.11584, 649.09814
168.04105, 581.0609
589.04224, 225.593
589.24524, 320.81018
169.15385, 644.4451
167.3966, 507.1351
167.3966, 507.1351
168.94507, 623.6015
165.2262, 285.51068
689.3279, 90.14
166.61305, 413.78357
589.1967, 410.3502
166.35168, 376.47165
588.6746, 376.86932
169.1155, 576.3678
167.01015, 341.06866
167.01015, 341.06866
167.00229, 398.66245
167.00229, 398.66245
800.217, 243.77165
168.79749, 544.086
166.23248, 261.91644
589.18286, 446.88354
799.52386, 339.8095
589.268, 535.60864
165.4636, 75.28177
799.25446, 112.523415
165.92119, 200.86737
589.5631, 604.5534
166.54639, 239.31883
588.29254, 385.57825
689.69824, 294.5906
587.52637, 179.38998
587.08075, 204.43434
589.1917, 617.34344
588.48267, 492.95496
169.3296, 416.29044
170.04985, 463.8603
166.53528, 106.51485
587.1088, 241.15181
587.1088, 241.15181
167.51932, 288.1809
798.2277, 80.57525
798.2602, 239.48355
168.47789, 258.9213
167.45583, 128.19695
167.30339, 114.48831
798.21405, 565.98267
587.85956, 464.4573
797.82385, 323.53262
587.08966, 413.26837
586.3569, 107.76407
588.0591, 590.1722
690.3318, 412.41144
586.90497, 395.16772
168.87228, 199.79364
168.00609, 100.94181
169.04497, 206.12024
172.5189, 544.9068
170.0232, 252.32854
585.6704, 48.352615
173.03452, 506.84546
174.27325, 667.27936
169.4115, 104.351204
585.31226, 40.27728
689.88715, 59.862743
172.1866, 399.39682
797.7639, 220.97845
171.12811, 144.43263
170.18553, 110.08968
690.49963, 493.15576
585.40814, 540.10675
171.81235, 297.3212
690.3499, 144.38083
176.23862, 645.2461
172.63916, 357.3655
584.6948, 448.5503
584.79285, 575.8542
796.8373, 651.3258
172.19427, 262.26572
171.43384, 44.97649
172.52419, 207.37373
583.8187, 67.90048
172.01476, 147.71162
172.2684, 217.94164
583.8187, 67.90048
171.31749, 153.92624
582.92377, 172.65034
176.87424, 657.5163
690.7383, 236.30298
172.19368, 101.1698
173.37044, 272.28125
174.6507, 388.84003
174.6507, 388.84003
690.7383, 236.30298
796.2423, 110.08034
175.82764, 576.6019
174.83928, 412.01865
172.37642, 98.00203
172.34805, 122.08852
173.49077, 214.9657
174.06546, 289.34244
177.82394, 618.7518
174.87584, 332.9225
795.90045, 236.33844
174.73755, 191.37387
583.48584, 543.7181
581.93317, 100.19753
795.9144, 330.0418
174.08307, 153.2089
174.08307, 153.2089
581.9449, 182.12772
176.26427, 456.92145
175.57332, 315.18054
175.95923, 345.0073
175.57426, 298.94025
582.75653, 382.77982
173.67303, 83.86348
795.6276, 545.10266
175.84737, 311.54984
582.75653, 382.77982
691.244, 304.74744
177.18796, 415.90988
175.66814, 277.3503
583.0938, 613.8934
176.81068, 386.4857
582.67706, 668.5771
795.1898, 485.45
178.44673, 536.14606
175.25858, 169.29692
175.25858, 169.29692
177.83685, 392.04535
177.44983, 398.21164
175.30505, 97.29372
582.67706, 668.5771
175.86844, 209.58336
175.86844, 209.58336
175.7674, 110.34444
176.30678, 158.29128
176.706, 172.9153
178.4, 409.12836
175.20703, 266.0077
176.51259, 206.37633
581.2644, 64.830315
177.18112, 244.81725
691.47516, 322.7085
581.0988, 494.34888
580.31287, 270.6847
691.0757, 283.09744
177.32677, 262.084
181.1394, 645.3663
794.0451, 51.059364
180.67464, 542.03955
179.49571, 414.6134
691.8593, 525.4468
177.584, 195.2037
179.93027, 385.6259
177.49907, 44.66064
181.04631, 437.74374
177.78255, 76.37238
180.97482, 400.2789
579.81555, 123.9287
182.2779, 574.271
180.51332, 388.0827
178.74971, 147.92029
180.52571, 344.8103
182.56033, 561.7414
178.4491, 47.370605
580.8524, 546.6803
178.875, 93.308556
179.32625, 209.28801
691.7921, 435.81064
178.85005, 144.2585
181.5959, 453.6682
180.02284, 219.61005
179.78674, 204.70403
181.6029, 366.24615
579.4843, 68.28579
184.10931, 625.8777
578.7078, 172.51717
183.59225, 539.1158
184.04587, 603.4593
182.00948, 261.98526
578.687, 185.21758
180.9984, 170.83002
182.6469, 369.92477
792.25903, 532.5828
578.3037, 207.33258
791.8473, 339.8297
791.2737, 73.05365
791.2737, 73.05365
181.56331, 165.89763
183.67747, 451.38278
577.93787, 126.48244
181.90657, 250.0311
693.33356, 653.7084
183.28662, 384.49045
181.79718, 216.07266
790.983, 62.48444
182.25188, 273.86377
181.19002, 140.3655
790.983, 62.48444
186.23582, 645.78033
578.3268, 265.28363
181.09822, 147.65987
186.61324, 581.58923
791.0035, 549.1918
181.78284, 80.48501
791.779, 655.2886
791.0363, 437.44327
791.0363, 437.44327
183.30318, 278.67056
183.20609, 267.9188
181.98007, 100.33236
181.97807, 88.98393
181.97807, 88.98393
185.37837, 460.71902
185.26765, 454.7553
187.4639, 626.432
186.3303, 576.4158
692.3176, 64.98532
184.94144, 389.75244
577.4916, 129.91667
187.73979, 587.46436
186.9049, 556.43286
578.7225, 492.83496
577.3839, 377.61197
183.03015, 93.23396
578.74207, 611.578
578.74207, 611.578
790.0832, 486.4065
576.2748, 154.60365
576.50635, 246.14536
790.0832, 486.4065
185.75273, 313.56805
185.57253, 291.60995
185.57253, 291.60995
576.74585, 350.18054
576.74585, 350.18054
184.93414, 167.87297
184.93414, 167.87297
184.23108, 69.39424
184.70448, 213.47148
187.04913, 413.0676
187.04913, 413.0676
576.8484, 611.14764
183.88876, 143.54749
187.42606, 483.5506
189.82704, 651.04956
185.52191, 179.73418
575.12964, 96.04562
692.5152, 85.652016
185.49188, 134.87042
185.49188, 134.87042
576.876, 469.31238
693.89197, 532.4898
790.1544, 357.7019
790.0374, 143.71043
185.82657, 92.63945
575.6049, 421.24902
575.6049, 421.24902
574.5477, 158.53087
576.96704, 658.83844
789.7742, 561.3156
576.10834, 516.71246
789.1402, 144.62651
188.0052, 319.6445
693.15216, 271.53427
187.965, 272.5858
693.30273, 174.26584
693.30273, 174.26584
187.69434, 189.10477
187.9594, 238.2441
187.9594, 238.2441
188.18439, 230.9014
189.24666, 333.97943
189.24666, 333.97943
188.27995, 216.62122
187.90663, 176.72516
188.43356, 224.10779
693.9764, 452.69794
189.67168, 322.42532
574.1264, 190.82007
189.31288, 278.59253
191.96542, 570.12976
189.69168, 281.409
189.69168, 281.409
189.05867, 208.32657
574.5064, 292.52078
574.78284, 375.78564
191.924, 482.43018
189.74017, 169.71605
188.85155, 93.03796
789.4251, 233.23837
189.68463, 144.6108
693.9764, 452.69794
191.72067, 330.9128
190.88026, 241.78275
574.4295, 439.84134
190.36609, 85.005974
575.27014, 601.8695
575.27014, 601.8695
575.27014, 601.8695
193.65326, 509.99335
191.332, 290.2343
573.6999, 407.70425
192.47523, 333.81717
788.63367, 52.78832
573.7146, 424.17264
191.1066, 253.32013
787.9637, 63.916477
573.471, 325.22647
193.37822, 464.7146
193.74672, 430.3271
191.63028, 142.5544
574.28394, 521.8678
574.21967, 586.1404
191.74083, 174.88373
191.74083, 174.88373
573.908, 473.45505
571.7401, 200.69469
695.0216, 617.23254
693.62726, 277.3129
191.38733, 68.55559
573.1837, 320.6342
192.55049, 192.33401
787.90125, 188.16304
573.3319, 576.34644
191.7337, 118.33566
194.41582, 389.60553
195.59851, 505.23285
195.59851, 505.23285
195.42755, 477.38293
572.7384, 410.4164
787.28876, 180.93347
572.5416, 294.90253
193.28711, 219.94403
573.1537, 573.84607
194.69377, 343.02493
571.33325, 182.69005
570.9116, 161.79115
194.63777, 323.93027
194.63777, 323.93027
693.62726, 277.3129
197.3841, 626.5865
572.3845, 464.03284
193.77371, 277.9717
195.13844, 331.83902
570.7453, 70.447395
194.22223, 264.96436
694.0653, 205.16092
194.2533, 195.1892
572.38135, 621.45593
198.27931, 588.6475
198.27931, 588.6475
198.05177, 578.9251
193.68338, 70.87751
198.53252, 649.3652
196.54477, 428.00156
197.26193, 522.8515
196.71808, 399.45154
695.4362, 587.2157
572.145, 607.5439
194.78622, 199.86938
197.23636, 461.5575
197.23636, 461.5575
570.52637, 401.44788
194.09053, 50.796326
194.11322, 43.02067
194.11322, 43.02067
196.9567, 431.38773
195.55522, 268.45715
570.9558, 471.72018
572.01294, 630.2102
569.5536, 291.31403
570.2266, 520.55585
197.6888, 366.4562
570.29913, 350.33148
568.5428, 98.22366
199.24298, 528.8379
199.14943, 484.4408
694.6623, 89.54904
569.9918, 517.5679
199.13228, 466.28387
784.90094, 485.20395
569.5278, 491.46112
784.42194, 545.1234
568.2499, 436.3135
197.71031, 292.7381
197.14453, 232.88023
784.42194, 545.1234
695.62537, 433.18814
197.35976, 202.78284
695.62537, 433.18814
568.07166, 424.85156
201.18526, 559.3404
568.07166, 424.85156
568.12756, 458.99652
567.7328, 293.72656
199.1381, 308.41522
784.4508, 356.66202
197.52214, 61.48472
202.29967, 579.38513
783.88995, 537.7791
198.1136, 42.07445
199.13281, 257.9419
567.4178, 419.47717
567.2078, 68.060394
568.0205, 600.5915
200.70111, 364.45367
198.43216, 57.420734
198.43216, 57.420734
199.16187, 209.93623
198.42201, 98.551476
198.59204, 48.941494
567.2848, 320.93805
566.9227, 354.06372
202.48785, 464.46158
566.51373, 238.00008
203.6862, 581.80597
203.6862, 581.80597
203.67204, 612.1853
567.3614, 454.0905
567.3614, 454.0905
566.1506, 151.10275
695.29456, 284.9405
566.51373, 238.00008
565.7728, 158.5697
565.9171, 211.70338
565.59076, 155.2309
695.29456, 284.9405
564.94824, 162.3216
564.47577, 202.98088
564.32385, 101.01802
203.812, 482.54117
202.47345, 291.55814
201.70612, 237.68945
783.3069, 268.81094
565.80927, 488.83572
202.37813, 314.1028
201.31915, 131.5006
205.29369, 560.2867
202.3747, 306.3313
204.3968, 488.7939
200.58092, 64.01196
566.7174, 616.5845
202.40997, 228.35622
202.40997, 228.35622
202.37767, 248.86168
206.81409, 654.1717
206.81409, 654.1717
566.7174, 616.5845
201.44287, 144.39606
202.70107, 210.00543
206.424, 579.6059
202.36357, 174.09807
202.13478, 96.03588
202.86812, 170.22928
203.18033, 245.61354
206.13104, 512.29083
206.9582, 588.9938
203.69461, 232.1013
695.18005, 171.3075
565.47504, 629.38153
562.9012, 207.3208
202.95576, 55.281693
564.1626, 439.53555
203.77573, 194.53598
208.07448, 586.0469
205.98285, 391.3446
564.0414, 484.47726
203.84259, 92.519615
205.86563, 357.40683
695.8671, 438.08005
562.63763, 36.987957
563.0057, 349.4906
206.0699, 350.78088
206.08423, 348.1077
205.09126, 222.63695
205.09126, 222.63695
207.94748, 541.735
563.8839, 620.3613
564.1711, 652.98016
561.54034, 95.30824
562.3125, 289.28375
562.75854, 546.5598
561.0292, 170.30653
697.3482, 669.35693
205.68025, 167.61446
205.31218, 122.61989
209.73512, 603.5427
562.4023, 492.83594
560.58386, 123.08864
696.0331, 307.81375
560.9589, 40.12321
209.05342, 545.14795
208.81584, 464.7323
206.00961, 143.74896
561.5505, 624.8615
560.36084, 293.47745
208.34126, 362.57617
559.3362, 202.57893
561.5505, 624.8615
207.47037, 196.38138
209.63712, 449.8348
207.02112, 95.942314
210.42154, 498.73242
558.94293, 232.06783
558.94293, 232.06783
558.5005, 173.75095
559.30725, 282.90274
211.69283, 571.9194
696.1274, 213.80998
782.56494, 233.42093
209.49588, 340.9068
208.78363, 249.97978
210.80069, 486.87894
212.23137, 588.5181
212.43962, 612.2229
209.69527, 317.77682
696.1274, 213.80998
781.84247, 296.36307
211.69283, 571.9194
697.6873, 651.2025
558.5194, 146.50526
696.33734, 280.49188
209.37509, 247.15007
214.0442, 650.76636
213.44644, 638.72705
209.23212, 99.69399
210.03395, 202.18793
209.82379, 159.31912
213.10277, 530.8489
212.21413, 478.6109
212.06825, 362.4328
212.06825, 362.4328
557.8564, 66.35301
212.93489, 453.17862
210.43164, 91.761604
697.7053, 611.1523
210.57756, 118.65982
558.9418, 354.23157
559.9094, 654.8819
212.43004, 194.85329
557.5347, 90.81605
214.02574, 418.57965
211.7326, 170.1497
556.87317, 68.85123
556.70245, 36.300514
213.78603, 313.90912
558.7352, 602.2954
212.9808, 166.84012
557.57855, 324.57892
556.3658, 139.19287
556.9384, 315.2284
213.17886, 74.22104
556.5724, 235.2839
697.92224, 530.20624
218.61871, 632.9047
214.45154, 208.36653
213.10876, 144.72871
215.61687, 309.59003
557.8182, 500.45523
697.92224, 530.20624
557.61487, 560.998
217.60034, 501.56863
557.5956, 494.0399
697.0818, 266.05795
218.50081, 525.982
556.051, 153.1008
556.01245, 287.452
697.9064, 386.24066
554.53625, 200.85475
218.6561, 418.37155
556.97644, 555.46423
216.57204, 148.19685
220.64163, 650.3678
555.028, 94.87393
555.028, 94.87393
217.23157, 313.97928
216.88199, 243.62912
219.49069, 536.0157
216.53453, 236.25444
698.2285, 591.10364
218.9958, 463.92493
220.30028, 629.24774
220.30028, 629.24774
778.51263, 527.2743
219.46417, 474.75876
216.35228, 157.21538
554.9008, 122.38221
778.3639, 235.96265
216.9848, 162.46066
220.29547, 451.27335
216.94157, 122.33837
217.63069, 215.6966
217.46834, 116.928986
219.78366, 437.9989
556.7974, 599.0403
218.37585, 232.02434
220.73407, 487.30032
778.3593, 622.12585
218.45447, 196.00923
218.65103, 246.4031
777.8581, 466.29514
777.8581, 466.29514
220.61421, 340.1427
220.29321, 279.66202
220.26395, 270.76202
555.33887, 320.08826
220.07762, 237.44897
220.07762, 237.44897
777.4969, 353.12643
219.74486, 193.58371
555.33887, 320.08826
698.56903, 558.2142
219.3742, 83.088135
220.62854, 243.94182
223.11708, 540.99384
220.13103, 135.53627
221.99773, 375.0289
555.80444, 497.4478
223.0574, 468.68527
221.98485, 332.9651
220.65512, 218.47682
221.29546, 123.84318
553.9495, 101.780045
222.54286, 415.6477
221.55995, 225.73648
223.92068, 535.1389
221.55028, 188.0327
777.608, 233.37126
225.56943, 632.7589
698.4405, 431.75964
222.99617, 325.69772
777.2628, 537.2317
226.02905, 595.3387
222.41666, 222.96837
226.70691, 656.2074
224.53088, 419.7289
226.66684, 629.3966
225.12634, 473.06967
225.12634, 473.06967
223.438, 281.19867
223.64905, 266.7
777.46405, 384.61288
221.95927, 66.342896
223.5373, 273.42627
227.4936, 652.9908
225.79965, 488.62332
225.79965, 488.62332
225.7508, 436.6992
555.1973, 514.0602
553.63544, 114.78783
224.57797, 220.62823
225.32771, 298.33017
224.58548, 184.91966
228.42952, 636.62384
228.69646, 591.9635
228.69646, 591.9635
224.86641, 203.36139
227.45438, 461.25278
226.49681, 377.87265
224.61313, 122.124115
554.80206, 488.75024
776.20026, 470.01013
229.24779, 605.5861
556.15906, 627.71344
776.20026, 470.01013
775.88043, 57.24429
776.1633, 266.02295
229.36665, 558.64124
226.3467, 213.08896
227.17233, 273.53403
226.36925, 196.23611
226.36925, 196.23611
227.35085, 311.68622
230.09436, 588.2994
775.4846, 483.1401
227.70398, 296.21255
555.5377, 671.4481
553.884, 492.66794
227.55984, 309.65833
553.1929, 294.34668
226.43918, 128.11926
553.0231, 345.50626
553.4866, 471.53775
226.41933, 173.10736
225.75333, 217.71498
228.1517, 335.7711
230.83969, 638.6562
775.13684, 88.001724
231.4911, 633.2999
228.05524, 210.45038
552.7982, 405.21222
551.7171, 208.67308
230.58885, 435.0034
227.8494, 169.97995
228.44757, 245.21571
228.44757, 245.21571
228.10878, 117.00782
774.94836, 47.768993
230.36827, 364.4076
230.41763, 374.29498
230.81227, 415.92212
230.41763, 374.29498
551.7171, 208.67308
551.95874, 160.65219
774.86255, 330.32095
552.3568, 264.52472
552.3568, 264.52472
231.31378, 339.96805
774.86255, 330.32095
231.44641, 369.8758
230.88266, 268.46985
230.7263, 242.01665
231.0599, 275.46347
232.49612, 419.71252
234.68903, 628.95856
774.643, 105.6167
551.6607, 38.469147
552.50793, 434.47696
553.51056, 618.40204
774.32983, 51.540844
551.27277, 198.97186
233.5622, 489.80133
231.47263, 221.5935
231.47263, 221.5935
231.47263, 221.5935
551.4172, 298.1627
552.10394, 355.93875
552.10394, 355.93875
552.33295, 539.3651
231.50807, 140.8465
551.9019, 441.7427
232.7977, 285.34158
551.967, 457.38428
233.12155, 273.13556
551.19916, 335.5771
232.4195, 185.7873
551.19916, 335.5771
550.9465, 272.33524
232.53136, 159.82343
232.53136, 159.82343
234.11601, 313.93765
233.95845, 309.09213
550.22064, 108.58045
550.1673, 119.61225
233.64226, 265.4411
235.59238, 392.31284
550.7189, 376.14627
233.24588, 68.013794
234.27849, 238.31773
549.9483, 152.16318
236.36432, 465.36658
774.03485, 530.91223
233.48615, 169.18735
236.05273, 485.99738
233.45827, 42.54192
550.3437, 401.61407
236.65929, 469.10907
550.3437, 401.61407
238.6791, 631.2293
238.6791, 631.2293
234.62918, 90.50012
235.63684, 194.0258
235.63684, 194.0258
234.82448, 117.306206
235.63684, 194.0258
235.63684, 194.0258
236.82408, 367.63867
236.87724, 394.98892
237.02986, 363.58252
235.0571, 157.33876
550.39545, 438.18317
699.00183, 504.273
549.6028, 378.86035
550.3403, 487.1215
550.6823, 552.5724
237.73866, 415.04712
237.73866, 415.04712
236.50932, 291.44467
548.66425, 316.8615
236.05652, 140.51173
773.1522, 168.95256
773.62103, 235.95946
236.69444, 170.76102
238.95375, 436.53494
548.1019, 147.45491
548.1019, 147.45491
239.50201, 509.87817
238.0305, 300.00394
550.2604, 660.48315
239.87708, 469.72345
240.94261, 561.8148
240.94261, 561.8148
238.53612, 265.75693
240.94261, 561.8148
237.81123, 221.01717
237.81123, 221.01717
548.9655, 404.00403
237.98863, 159.33292
237.98863, 159.33292
772.82715, 100.34421
772.82715, 100.34421
773.4282, 395.85327
547.4354, 44.586693
548.432, 444.68665
240.53485, 330.15903
240.87282, 456.80698
698.3218, 71.71077
239.53578, 269.12363
241.15025, 398.11093
547.0765, 92.06389
241.90681, 508.2753
240.51201, 315.40723
238.9716, 65.80103
240.91937, 301.02222
239.49297, 93.105034
547.52264, 396.156
242.42317, 492.73395
773.0486, 405.2223
242.77171, 444.57053
240.05978, 202.4712
240.33864, 88.680534
240.37901, 157.47179
244.26573, 583.9136
244.67863, 602.3325
546.61646, 155.87764
772.93024, 174.01064
241.62302, 250.8829
245.52486, 589.08795
244.10004, 488.70868
546.6705, 264.01447
242.121, 230.51782
242.121, 230.51782
546.393, 38.56193
244.14249, 417.34982
698.11084, 242.04855
545.85486, 94.99027
545.85486, 94.99027
244.88153, 501.0917
244.88153, 501.0917
242.01999, 182.582
243.14784, 266.10782
698.9213, 294.89426
246.19266, 580.8568
245.42397, 466.92447
772.2236, 55.09226
772.2236, 55.09226
546.6912, 379.93692
245.16156, 437.63562
547.68823, 573.0309
545.7901, 70.42313
545.7901, 70.42313
244.184, 234.07831
772.05054, 533.8864
698.93835, 85.28577
546.4086, 320.34518
546.4086, 320.34518
243.603, 85.05097
246.47998, 511.33243
246.47998, 511.33243
248.42264, 659.3072
246.18399, 430.5129
248.01396, 592.8084
545.24976, 151.69781
244.38309, 153.85672
247.58063, 513.2543
772.10803, 643.6959
245.3941, 196.80118
545.88306, 403.9865
545.5812, 356.4843
247.13274, 345.77133
245.27737, 222.3872
771.1703, 153.37366
700.0924, 608.2923
246.14333, 219.33711
246.5571, 270.841
248.1491, 417.175
544.4347, 47.724804
250.09088, 588.6999
250.09088, 588.6999
247.96484, 475.167
249.65184, 563.3033
546.13446, 518.8519
247.49446, 353.63635
249.44722, 567.3478
246.5503, 240.02408
546.13446, 518.8519
248.40935, 473.68872
248.74434, 420.6645
771.22833, 348.84137
544.14813, 59.856968
247.89409, 277.5481
545.21173, 344.76645
543.9024, 144.3499
543.9024, 144.3499
545.05896, 398.53485
545.9348, 662.19006
770.98315, 290.106
543.9697, 97.828835
252.26628, 660.27405
247.93976, 174.84357
770.59863, 450.44388
546.3582, 658.21704
699.3728, 300.36816
250.53897, 398.11563
249.18022, 179.98376
543.7078, 154.73961
248.48949, 67.462616
544.856, 462.4408
544.40125, 489.9143
699.1762, 112.61097
250.05249, 140.20912
770.1224, 326.38623
543.34717, 408.30563
770.1224, 326.38623
250.24336, 86.9977
252.2611, 392.29874
253.1241, 439.03336
251.02283, 200.30281
769.7453, 489.20462
253.34135, 488.39178
251.30981, 216.39056
542.59326, 406.12854
252.00539, 252.46584
251.44737, 174.91528
542.59326, 406.12854
699.8407, 309.47192
699.8407, 309.47192
251.39781, 139.43701
541.8721, 176.28653
253.9331, 408.04138
543.77325, 597.50574
252.47858, 237.65324
254.56557, 483.1084
252.81161, 246.78377
252.81161, 246.78377
542.34265, 319.50485
256.15887, 588.94305
253.08649, 239.05345
541.11273, 57.286087
769.79236, 161.43875
541.70496, 312.22845
769.79236, 161.43875
254.65672, 403.20337
254.65672, 403.20337
541.00024, 70.48334
541.00024, 70.48334
253.33983, 183.6249
769.832, 508.79614
769.832, 508.79614
254.46823, 288.67102
540.7002, 62.337215
253.98355, 211.49144
769.6151, 380.62146
542.3447, 515.1701
541.39374, 265.97473
257.5611, 577.89606
258.00894, 595.52905
254.56761, 226.09073
253.89178, 68.578964
253.9829, 159.38661
700.48047, 673.0049
259.28867, 661.80676
255.00824, 193.51573
257.44724, 436.71292
257.44724, 436.71292
258.304, 527.38385
540.5774, 187.61803
257.64734, 440.03857
257.3539, 405.83746
769.709, 86.94911
257.61487, 469.3293
541.7339, 485.69717
256.40366, 219.202
256.66226, 241.1465
769.1875, 90.78018
540.4174, 146.88368
257.36856, 326.6494
257.36856, 326.6494
768.95636, 267.55066
768.713, 147.70256
258.458, 389.13727
259.3805, 451.76807
768.56793, 108.08268
258.40686, 332.4696
258.40686, 332.4696
258.2824, 304.0791
541.3677, 399.95654
261.3703, 595.0943
261.3703, 595.0943
259.64996, 517.1989
258.1975, 214.8222
259.9463, 494.48035
257.95566, 202.14699
260.42227, 481.45117
258.3867, 139.97922
699.3204, 263.0498
258.2571, 192.06519
540.6116, 241.82799
540.1311, 65.89506
540.1311, 65.89506
542.4218, 622.4762
258.70026, 272.5491
258.02164, 59.384094
261.37152, 472.9764
541.90466, 602.3597
259.94543, 276.1777
261.46725, 342.17975
261.4092, 508.60727
540.2978, 348.6233
540.2978, 348.6233
539.946, 292.72372
540.1138, 388.2186
538.7225, 97.94748
261.61697, 384.30453
541.14575, 625.6843
539.03827, 345.12317
538.60547, 153.61617
538.60547, 153.61617
261.63406, 366.32135
768.1142, 108.129974
539.2854, 380.0593
538.6067, 268.68976
259.88025, 110.32387
259.9902, 88.492096
261.46735, 331.404
259.95508, 158.93753
260.96265, 242.45279
260.9216, 211.86244
261.19562, 194.18579
768.58594, 579.6787
539.40186, 437.95218
538.2257, 261.09235
262.0238, 301.554
538.0153, 84.13132
263.99863, 447.75034
262.72, 339.28537
701.7644, 647.9257
700.09784, 202.51802
262.64697, 302.97687
540.0735, 653.58813
538.10547, 320.16318
537.1631, 124.19359
767.2129, 40.29891
537.9746, 351.1648
538.04065, 480.6452
537.50183, 435.3918
262.51862, 65.13965
264.7832, 366.9223
264.95242, 443.86307
265.37888, 515.84534
537.50183, 435.3918
264.42712, 342.00366
766.9963, 218.89587
267.11935, 659.3523
701.0742, 554.6979
263.35904, 168.99854
701.5937, 667.59894
263.1988, 61.092472
263.1988, 61.092472
264.3515, 267.49744
264.3515, 267.49744
265.71683, 418.0026
264.61456, 310.33228
263.32684, 160.86742
766.7087, 47.89675
266.9116, 447.8955
265.8519, 305.8261
266.80624, 492.59158
265.65457, 224.92194
265.65457, 224.92194
266.92905, 332.53174
266.92905, 332.53174
268.2746, 474.71664
265.71683, 418.0026
535.77356, 146.07158
266.76544, 315.91876
766.9734, 276.79895
266.11108, 195.13556
535.348, 58.011078
268.64545, 489.8248
268.64545, 489.8248
266.71542, 219.95175
269.01605, 442.3981
266.49542, 159.96243
768.0369, 654.3023
535.74243, 265.3257
766.7736, 289.42276
536.57074, 572.46405
766.5385, 486.58072
269.7427, 495.04578
269.7427, 495.04578
269.4843, 457.4385
269.4843, 457.4385
536.57074, 572.46405
270.3739, 543.92114
270.3739, 543.92114
267.0188, 65.95285
268.08856, 258.8065
268.08856, 258.8065
267.80936, 192.38641
267.4058, 142.94777
271.72983, 612.329
700.3944, 67.557594
268.79077, 270.8467
268.03268, 175.46992
267.9346, 62.479248
267.9346, 62.479248
269.24725, 303.12335
533.9248, 64.54945
766.74945, 345.31198
533.99426, 126.77937
765.8698, 564.8103
271.26813, 418.1748
533.45087, 148.84312
534.13275, 316.28036
269.27994, 89.49169
271.848, 480.78217
534.13275, 316.28036
270.95935, 269.0196
273.38525, 640.72736
272.4713, 471.88617
271.32306, 339.3335
274.22742, 637.8249
765.12225, 214.01476
272.48218, 517.95154
702.2406, 615.4546
534.9479, 515.90845
700.43164, 66.19266
764.61365, 174.08223
533.1393, 207.49152
273.9965, 510.0863
275.57626, 599.8462
272.62274, 293.02026
272.4896, 264.92227
273.89072, 450.04828
274.08887, 469.0172
273.4274, 336.27908
276.53516, 660.4475
275.46432, 520.33093
533.0343, 138.7285
764.4825, 270.0171
533.9961, 408.0133
764.4045, 220.90506
534.87897, 596.01385
273.07578, 64.08785
764.8482, 355.94238
764.3095, 521.1137
533.31537, 268.49744
700.43164, 66.19266
701.6468, 353.39508
700.63617, 89.21199
276.632, 419.139
276.632, 419.139
278.6852, 596.86707
277.67102, 515.1888
277.67102, 515.1888
275.0083, 173.83322
763.26086, 144.00441
277.18213, 463.2182
763.3361, 293.07675
276.8405, 363.32593
532.31537, 235.27013
277.03345, 347.99728
277.83322, 353.53818
701.1178, 382.48618
280.35315, 643.0029
276.2083, 86.423096
278.47464, 340.2837
531.06537, 147.30399
532.0265, 91.013725
532.0265, 91.013725
277.117, 117.09634
277.51733, 65.17516
281.4774, 621.05
763.59766, 209.21829
280.0282, 445.1506
278.46164, 322.29816
531.3462, 141.77225
763.38586, 620.39594
281.61557, 584.10986
281.61557, 584.10986
280.62674, 348.5837
279.42804, 319.22772
278.6516, 227.40445
763.4502, 512.6232
763.4502, 512.6232
529.8675, 427.60898
531.25964, 296.04578
281.12018, 465.28867
283.34372, 600.4097
531.367, 273.19156
280.0, 278.86276
283.2263, 550.2625
279.9713, 139.21597
284.29675, 656.115
284.29675, 656.115
530.8097, 179.47627
280.4176, 88.121284
281.2289, 251.78181
280.36758, 169.00027
281.07678, 224.02983
283.00418, 475.8469
283.00418, 475.8469
762.2673, 135.02539
762.1869, 238.5812
282.00327, 295.52707
532.8094, 652.54706
285.33777, 621.41064
283.99884, 549.5675
282.54678, 343.63748
530.54376, 124.448814
531.4806, 475.05566
283.12094, 291.34677
282.86392, 266.63284
284.99048, 542.7469
530.7494, 262.61795
529.8768, 121.50149
286.47006, 643.23413
530.1881, 241.21252
531.4135, 516.36444
531.4135, 516.36444
282.26477, 67.62533
761.67816, 327.90457
282.26477, 67.62533
286.76044, 603.40845
286.76044, 603.40845
282.6605, 63.042053
282.57007, 83.86392
286.82883, 635.7597
700.89514, 238.59279
529.7947, 80.34545
701.5038, 172.38617
283.81647, 208.14473
702.7996, 676.36346
284.171, 166.17189
287.97046, 591.10834
286.10028, 391.9647
284.91132, 246.4329
288.6686, 620.83295
284.6411, 59.700245
284.63223, 114.059975
529.732, 72.356514
286.58078, 385.35
288.80157, 659.0553
285.10724, 138.73814
761.8168, 377.09375
287.57565, 490.66882
761.8168, 377.09375
529.63965, 203.4056
529.63965, 203.4056
530.3172, 315.3174
289.15915, 599.86285
529.62366, 149.42152
529.9595, 87.31652
286.70718, 217.19147
286.70718, 217.19147
529.9486, 310.38315
288.5063, 539.28577
529.9486, 310.38315
529.14087, 192.71335
287.67987, 326.5105
290.50952, 595.42645
287.23492, 237.95694
530.02155, 405.28305
287.05203, 159.28458
287.9412, 300.04742
290.20724, 587.4604
702.4779, 565.13135
289.38788, 425.62936
530.74524, 569.07745
289.14642, 444.33752
289.14642, 444.33752
290.24213, 529.80347
701.9011, 485.60773
289.18265, 273.26035
528.42194, 274.0929
287.47955, 65.9921
292.18494, 615.92847
289.28503, 312.99338
760.95935, 665.5138
290.80408, 507.32974
291.02298, 535.4655
290.86105, 487.9312
288.81857, 224.54019
290.52625, 420.86957
527.4814, 207.45714
289.05185, 244.68979
290.97797, 520.12695
702.5039, 311.61987
290.40726, 501.08496
527.7839, 387.57544
527.8074, 333.67825
289.13596, 199.67236
289.09164, 135.70134
290.72495, 280.54242
527.8119, 431.53452
289.79675, 90.48133
294.38022, 604.48914
702.5039, 311.61987
526.0333, 88.32675
290.1319, 63.029125
291.78976, 290.1418
293.4877, 477.25574
293.76346, 529.54834
294.28165, 574.59094
290.97736, 177.15877
525.674, 56.7058
292.28406, 318.95126
527.6663, 489.86945
760.6965, 383.5718
527.04944, 485.70026
296.43213, 621.58984
760.3529, 519.66003
292.84384, 299.54276
293.01984, 242.19064
295.33713, 544.0864
292.03223, 59.524197
294.5507, 445.499
292.2805, 87.14137
293.33884, 253.4576
296.05045, 585.5526
292.978, 167.93465
292.978, 167.93465
525.9848, 426.44232
293.36554, 137.61092
293.25464, 192.99611
293.25464, 192.99611
293.30157, 169.63914
295.9657, 507.6592
524.6149, 123.90914
526.3682, 460.0425
526.3682, 460.0425
759.91547, 203.55484
297.72418, 612.20496
297.14032, 644.71625
296.15067, 473.33548
295.08453, 291.34732
296.80148, 527.73425
760.6443, 619.62036
525.6689, 293.76117
526.0288, 377.27426
760.6081, 644.8416
298.6805, 619.8654
294.8545, 182.51402
298.80215, 625.9153
298.95178, 636.3059
298.90134, 603.8304
527.1355, 644.5759
525.70667, 414.6888
525.49225, 320.89786
525.5114, 421.17307
524.4937, 208.02086
295.22137, 90.15147
759.9873, 261.40442
296.2314, 248.98627
759.385, 476.33218
299.8787, 675.9103
703.2429, 537.3487
296.12952, 152.44482
296.6558, 287.8797
296.41034, 156.47256
701.9007, 119.42571
296.1203, 135.69379
524.46466, 239.57928
299.38373, 567.9713
299.38373, 567.9713
524.6343, 404.9179
296.84134, 108.39851
758.99805, 116.69906
297.90222, 284.33447
297.0867, 214.1098
297.1783, 138.32799
297.5261, 217.99486
297.5261, 217.99486
523.51166, 220.40862
525.20355, 648.35767
298.5544, 291.79572
523.25977, 187.43993
301.8, 613.05914
301.8, 613.05914
523.25977, 187.43993
300.0348, 457.30078
301.87506, 599.8426
300.19232, 434.01398
298.21884, 111.128876
522.74896, 236.44762
524.1371, 543.9784
302.43344, 594.19336
300.28568, 312.93686
702.16, 225.14314
303.12604, 615.64795
300.21255, 287.9725
300.21255, 287.9725
300.21255, 287.9725
298.99658, 93.413216
298.99658, 93.413216
759.2016, 592.93933
521.35913, 128.50339
300.96, 345.5139
522.79126, 345.86026
758.4031, 113.49448
758.4031, 113.49448
522.86536, 463.00055
702.66766, 182.29045
299.64847, 158.45752
299.20145, 58.032658
304.2132, 620.35175
702.6857, 419.94693
521.61115, 242.63211
301.95728, 441.48657
522.06287, 295.405
759.3184, 628.61365
522.06287, 295.405
301.11868, 195.39452
702.8473, 285.17175
303.05606, 475.02136
303.05606, 475.02136
302.21017, 306.07034
303.62216, 513.5529
303.62216, 513.5529
522.651, 593.6206
301.35757, 99.98443
304.49512, 542.42584
521.90643, 538.3303
302.71725, 217.45248
521.47626, 417.23285
521.09314, 478.45346
302.3885, 191.27031
521.09314, 478.45346
303.67615, 294.52695
302.7587, 166.732
302.1443, 76.0841
758.0007, 80.82604
758.6386, 587.5339
304.99973, 440.55246
305.00784, 436.99734
303.0818, 86.32153
521.1519, 403.34317
304.4074, 289.55005
306.07578, 432.24255
521.02124, 486.8801
305.42435, 300.51877
521.02124, 486.8801
305.5702, 310.1829
704.761, 620.4359
757.8513, 426.822
306.34674, 406.9057
306.34674, 406.9057
308.87863, 599.4115
309.51627, 669.3465
758.2724, 624.527
304.89795, 89.60741
305.28732, 110.19124
757.34784, 119.50201
305.71216, 136.79417
308.22235, 498.8204
306.5844, 260.35028
306.5844, 260.35028
306.73926, 283.48013
306.687, 201.29889
757.0255, 85.6377
520.5067, 489.59525
310.43036, 604.42957
757.60724, 507.04065
757.60724, 507.04065
310.8078, 591.93536
519.4811, 233.3016
307.90112, 132.82487
519.4811, 233.3016
307.56244, 62.403797
307.99762, 178.69547
307.99762, 178.69547
704.2377, 385.843
519.8089, 407.3994
309.86972, 443.06473
309.3475, 266.31772
519.5646, 459.69672
704.22003, 532.0668
704.22003, 532.0668
310.97363, 448.32574
310.97363, 448.32574
704.06244, 116.6372
310.9323, 316.7618
308.92032, 54.91169
518.45184, 245.07365
517.9774, 182.43027
703.97424, 191.0844
703.97424, 191.0844
308.94824, 66.53566
310.17133, 162.028
704.685, 205.31499
311.58585, 439.1109
312.48532, 425.05972
310.94568, 263.63962
312.7169, 518.1818
312.01205, 400.92685
519.0315, 483.16003
311.38336, 280.73264
311.38336, 280.73264
517.38855, 59.885635
314.84412, 670.44727
756.8177, 354.3672
517.5714, 37.25162
518.54376, 392.81427
313.4421, 559.7093
312.64685, 380.1281
518.1784, 282.2296
755.4611, 475.78815
312.80154, 435.302
311.5421, 222.87381
311.5299, 165.60632
704.9368, 422.30917
517.02954, 96.95692
313.5694, 503.76712
312.74905, 342.60092
311.97766, 214.3895
754.9684, 388.53516
704.72754, 198.15712
312.8859, 59.164997
754.70776, 118.21281
312.13837, 91.24463
312.47928, 81.53556
517.1453, 258.62756
312.4692, 140.9484
517.1453, 258.62756
517.71045, 377.56802
754.70776, 118.21281
312.94043, 65.07596
313.85565, 339.32822
315.50348, 545.6508
315.50348, 545.6508
313.4472, 219.33005
517.024, 433.91476
313.74664, 75.25431
313.74664, 75.25431
315.812, 488.65744
317.39008, 600.49756
517.7129, 454.7309
517.10614, 487.37762
517.10614, 487.37762
517.8435, 593.85724
317.72586, 623.1729
317.89276, 614.1162
753.7909, 261.47095
316.05197, 372.80072
515.98413, 293.4916
517.03186, 463.3071
316.01505, 205.86899
316.01505, 205.86899
316.01505, 205.86899
517.6632, 646.67737
319.47083, 670.55695
753.92175, 294.1988
316.91068, 346.33017
515.2997, 187.77779
318.41983, 498.0037
318.91522, 549.8989
316.68307, 229.32455
517.45276, 619.4374
515.10034, 99.44507
317.51663, 264.43976
752.76105, 561.8138
752.82385, 499.06924
320.46356, 572.73846
316.6813, 54.74
515.1552, 122.60639
514.5314, 102.31771
317.57422, 140.45183
320.43884, 546.8639
320.215, 485.79196
320.24005, 448.0034
318.8441, 252.72206
318.8441, 252.72206
514.5314, 102.31771
752.4858, 288.5726
318.909, 284.19852
320.3937, 480.55194
318.61835, 310.92383
319.76932, 377.441
320.91003, 444.082
320.356, 381.47964
319.87582, 224.47864
319.2501, 119.18709
319.1969, 135.7159
323.1153, 639.86346
320.40982, 270.69937
320.75296, 364.19647
320.83228, 293.32687
515.1647, 263.3818
323.2302, 571.13306
514.51666, 41.20127
322.07166, 428.494
320.34677, 172.8623
324.42053, 668.1765
323.27206, 550.2901
513.88916, 214.21506
321.00815, 131.61209
321.60928, 191.55307
322.48856, 418.18158
320.9709, 80.62712
322.90283, 380.91122
514.6055, 380.7977
322.57632, 302.55197
322.0193, 267.4822
321.42307, 48.93519
322.6952, 331.82108
323.7051, 489.7132
322.62506, 340.23837
321.91046, 240.69736
513.5027, 103.713104
705.3815, 270.38342
513.5154, 268.07333
321.60928, 191.55307
325.22382, 599.38434
324.29584, 476.32892
322.74103, 245.17511
512.9545, 128.03314
514.7873, 560.4843
513.59357, 272.0295
325.66324, 578.5814
705.3815, 270.38342
706.0822, 381.699
325.87112, 548.15515
326.49255, 573.9484
751.8463, 383.16293
323.8172, 307.0116
323.40833, 135.94006
325.07605, 310.73355
327.49707, 668.3785
325.6546, 469.43246
325.26685, 392.2659
325.45596, 324.01022
326.10965, 446.4161
512.3564, 106.469604
323.74072, 89.28733
325.97067, 379.556
511.82193, 51.287426
511.82193, 51.287426
511.96765, 69.340645
328.38254, 598.09
751.17554, 440.18735
327.3563, 517.32904
326.60477, 305.10733
513.7521, 496.86462
327.3883, 397.35287
329.1858, 572.236
326.95914, 276.79224
327.27002, 345.2858
326.43756, 258.10693
328.5273, 485.3571
330.2221, 620.6359
512.33746, 224.83089
327.0468, 233.05817
327.13824, 189.39114
328.8508, 443.4597
327.72464, 302.42517
328.5236, 288.47253
329.5184, 492.84247
331.83115, 669.3114
327.61865, 85.8241
328.08133, 181.81866
328.55432, 236.5456
327.90912, 220.33026
512.34955, 239.57036
511.5536, 98.98579
511.5536, 98.98579
512.99786, 197.77893
512.9458, 334.5011
511.3435, 58.842655
330.50363, 402.60822
328.52258, 108.621376
328.52258, 108.621376
513.1289, 319.627
511.3779, 37.456688
331.28235, 424.67877
332.2094, 549.50635
512.20544, 424.70438
329.87625, 83.31749
332.01947, 451.05423
513.75433, 632.82697
331.96082, 439.92584
330.37262, 189.88248
330.37262, 189.88248
513.12103, 459.2012
510.52847, 234.65285
333.92776, 621.486
330.08807, 45.6321
511.2173, 283.3384
330.6965, 111.71811
331.52493, 396.03436
330.68018, 211.80675
334.19775, 572.6255
332.46555, 389.7372
333.6256, 545.15704
751.7136, 650.05676
511.0193, 172.16402
750.86127, 431.5482
331.13968, 51.070847
510.56573, 119.48086
335.36255, 635.83685
335.2142, 615.4814
333.39523, 421.43765
331.42532, 58.75682
750.3166, 116.45078
510.56573, 119.48086
331.99298, 250.55699
510.50558, 131.05736
336.60413, 628.51245
333.17407, 55.34937
333.4399, 212.96793
332.98563, 85.859055
333.45163, 82.97136
337.01093, 550.80975
510.36597, 163.11667
750.2618, 354.48834
510.8044, 267.2673
335.007, 247.09076
336.31763, 499.00436
509.90933, 197.31058
334.89514, 180.31729
749.4388, 119.77727
335.94818, 385.95367
336.75607, 332.34857
511.03918, 376.6829
334.46957, 97.0327
336.16788, 310.71805
510.8548, 323.60574
335.89197, 136.90036
335.70425, 188.65157
335.70425, 188.65157
748.959, 205.39212
509.68326, 54.189095
338.676, 547.7381
336.2685, 146.53429
509.96982, 115.05418
510.23932, 273.0522
340.1592, 607.1136
340.0971, 625.9983
337.82037, 244.5332
337.82037, 244.5332
511.14542, 500.37558
337.40112, 85.498276
338.81888, 307.36536
338.045, 179.14534
706.05646, 610.8352
341.2205, 575.33966
340.30573, 446.78403
339.20984, 347.88516
338.64917, 233.18137
339.80444, 388.10986
705.9455, 167.29482
509.93872, 403.65173
341.0096, 496.51813
341.93692, 582.5312
707.11884, 556.57355
339.09763, 184.4564
341.1111, 459.00406
339.9077, 318.78134
339.94693, 262.5868
341.46472, 425.65677
340.4737, 484.73022
340.29022, 252.14456
706.90326, 403.7845
339.83856, 227.45667
340.7905, 303.61066
340.7905, 303.61066
340.7905, 303.61066
341.03207, 353.44327
340.42957, 158.02774
343.454, 586.87744
509.62924, 436.79715
343.0704, 561.89197
340.82883, 238.78127
342.51917, 492.80887
342.15167, 434.0089
508.59344, 152.449
508.64752, 65.049126
707.45935, 503.03397
341.34155, 246.95616
341.3573, 259.7178
507.46246, 59.395203
507.64743, 41.644554
342.45615, 421.6211
340.65897, 41.43165
341.5681, 267.1735
510.09534, 677.2353
507.91306, 165.48343
342.9403, 375.6768
508.55188, 480.93274
509.7093, 651.6354
343.08093, 385.88846
344.50534, 523.5961
344.50534, 523.5961
343.52942, 417.87024
343.91833, 366.1855
342.44516, 135.73079
343.447, 347.11932
341.9614, 188.93558
345.55386, 569.3488
509.7093, 651.6354
507.54877, 287.86383
343.69394, 282.11002
343.69394, 282.11002
508.2027, 452.6602
345.80814, 488.2803
345.80814, 488.2803
344.6032, 369.68192
506.91238, 272.07568
344.9966, 496.13287
344.73013, 396.0729
346.76758, 622.44086
507.1711, 380.61554
507.18616, 399.96298
344.2439, 321.91394
343.67432, 143.16734
507.18616, 399.96298
345.4113, 468.62433
345.10452, 382.4448
345.65198, 428.3425
344.575, 268.26318
507.4398, 495.50574
707.3644, 528.14844
507.4902, 630.44257
344.37772, 219.96957
344.37772, 219.96957
505.9659, 319.77295
504.81644, 208.66124
505.0253, 213.45116
708.5251, 643.58014
504.81644, 208.66124
708.46204, 607.65607
346.93997, 481.48322
346.84982, 434.54733
346.34036, 421.60123
348.15726, 594.45276
347.61514, 463.54834
347.85345, 546.9631
347.85345, 546.9631
504.35422, 47.76135
346.68317, 388.17035
346.65085, 319.52176
345.57812, 104.34473
505.81168, 349.06985
349.1298, 585.45654
504.88733, 153.22084
349.46176, 651.64484
747.1108, 265.45102
345.536, 54.332584
507.024, 674.5032
349.64255, 599.7345
349.98495, 603.0453
350.36328, 647.82117
350.06198, 627.06366
747.325, 145.75627
747.4828, 599.93634
505.62567, 406.17868
350.80066, 659.46094
506.8613, 618.13556
351.39984, 574.2628
505.4231, 486.58682
351.52737, 670.8768
347.7239, 83.94539
746.829, 245.72697
347.97366, 149.19028
347.97366, 149.19028
347.78214, 216.1357
350.06787, 454.5093
348.01746, 209.08119
504.88318, 433.36386
351.36035, 583.17175
349.47183, 292.2122
352.3234, 654.4433
349.21457, 287.6655
352.00977, 592.8906
350.06216, 375.6528
350.06216, 375.6528
348.17685, 50.75667
746.829, 245.72697
349.0923, 110.622505
349.0923, 110.622505
349.4638, 157.75624
505.2126, 552.46497
747.02386, 242.57112
351.13812, 380.45532
351.62195, 422.02866
353.10342, 603.4372
349.81088, 64.63728
352.93784, 550.5169
350.33145, 189.97832
350.33145, 189.97832
353.84393, 623.41473
351.60263, 318.8911
503.14383, 69.39462
350.1604, 56.33918
350.6964, 108.50013
350.6964, 108.50013
350.94293, 202.11076
352.8682, 411.67737
352.37585, 364.31915
352.055, 305.4224
352.055, 305.4224
707.7975, 301.0476
351.80002, 137.38344
352.58047, 300.75797
351.691, 152.0749
351.9875, 79.32608
354.1713, 494.04474
706.21533, 170.77287
708.7202, 237.01532
747.08984, 561.96136
353.5699, 378.65283
708.7202, 237.01532
502.19403, 161.82672
353.63452, 323.6154
352.455, 54.04356
503.68527, 496.53198
709.13446, 377.55905
352.95383, 69.41548
355.3035, 486.06055
503.2796, 538.8542
746.1117, 133.08379
355.5294, 442.0872
353.5625, 162.37465
355.0675, 408.33075
353.77444, 183.51299
353.61322, 59.389072
355.86636, 421.9509
357.55243, 587.7964
356.33713, 404.66672
354.01447, 106.9046
358.55444, 670.8077
708.69135, 144.92122
502.36874, 402.2271
355.39218, 296.68683
355.16382, 233.04124
502.39145, 457.4727
357.11295, 553.53326
502.39145, 457.4727
358.02618, 659.123
354.9506, 134.11282
354.9506, 134.11282
503.96573, 645.9045
355.39117, 263.71396
501.55136, 265.58768
708.9616, 207.34329
355.57504, 123.59964
356.2393, 346.07602
356.2393, 346.07602
356.2393, 346.07602
356.18137, 273.6221
500.48886, 102.57293
356.6294, 376.77814
745.85693, 500.56882
500.48886, 102.57293
356.79517, 269.6949
356.79517, 269.6949
500.60727, 43.988033
356.2127, 82.15125
356.4543, 110.83065
356.4543, 110.83065
360.05756, 657.83
709.6216, 384.556
357.072, 130.49979
502.18204, 511.46365
359.45193, 550.29144
745.46716, 365.93832
359.62683, 479.38666
359.01932, 347.6611
359.01932, 347.6611
359.58517, 444.6382
357.58746, 185.602
709.6216, 384.556
358.16037, 165.99832
359.86578, 485.50995
361.51797, 652.29083
358.5568, 126.04455
358.5568, 126.04455
358.5568, 126.04455
361.44495, 623.97327
361.44495, 623.97327
359.7765, 429.7737
360.32916, 500.3989
709.748, 391.65112
361.28827, 584.3409
358.60336, 203.59819
359.03378, 229.89095
358.63434, 158.54665
359.5695, 311.31888
359.5695, 311.31888
744.86237, 290.90533
360.3416, 408.7141
359.03146, 139.72008
709.5344, 205.01793
361.4409, 531.405
500.1006, 189.70876
360.39417, 363.37265
360.82895, 441.97546
361.024, 423.3887
361.024, 423.3887
359.76743, 219.65845
363.40958, 675.0558
363.40958, 675.0558
744.7592, 118.527534
499.8516, 154.38626
361.85767, 547.3517
361.85767, 547.3517
359.99194, 135.14645
360.21823, 242.0721
359.962, 183.01639
361.28467, 324.54422
361.28467, 324.54422
360.90118, 280.46326
499.73325, 170.10126
359.9069, 54.991455
360.5152, 199.9626
362.22504, 402.78085
360.58426, 143.93237
502.45395, 648.9049
363.94504, 656.66376
364.31088, 631.9071
744.0839, 270.51752
499.38867, 204.11722
499.68573, 243.19347
710.5896, 525.25085
741.1998, 193.98204
500.27124, 504.8452
362.22614, 289.25168
360.92062, 466.38394
363.70688, 504.93484
364.5121, 553.4178
362.42255, 239.09425
710.19305, 284.29895
498.94983, 212.29549
362.93268, 276.79898
365.26395, 580.03394
364.6556, 540.09735
363.91016, 413.9698
363.3175, 300.4257
364.41702, 495.12354
362.70328, 171.22144
361.7703, 66.36515
365.27344, 548.34644
499.8633, 538.31525
364.29205, 342.1291
364.20355, 311.57947
363.17435, 161.77177
364.51517, 347.81946
498.64233, 70.022156
498.64233, 70.022156
743.31635, 57.72316
743.6529, 419.82898
363.73822, 140.5817
363.97516, 225.98233
363.7756, 95.075294
367.21426, 644.73566
498.3266, 123.90305
365.53384, 502.2493
366.50143, 556.05664
366.52563, 529.15765
365.32263, 290.15472
365.98923, 267.51816
365.98923, 267.51816
499.88687, 484.23633
366.09537, 305.64542
497.89856, 183.89404
365.58868, 231.95985
365.4306, 177.66139
365.6698, 106.37869
366.52222, 238.64262
366.52222, 238.64262
366.52222, 238.64262
366.68192, 300.96182
367.45074, 378.08997
496.6972, 216.43437
366.29108, 213.19551
369.44785, 635.7863
367.32343, 339.3143
497.13065, 287.2378
370.00922, 647.43365
743.19965, 354.6328
369.04507, 526.37115
368.67123, 501.36655
366.86426, 143.28337
498.79218, 628.86414
742.9556, 196.89589
710.9249, 147.37596
369.69913, 576.8902
710.8094, 89.38878
368.78552, 298.02933
371.0678, 597.5722
368.93652, 334.99356
368.42838, 221.34778
368.03674, 136.10374
370.69196, 546.5134
368.50586, 110.74578
368.50586, 110.74578
710.8094, 89.38878
370.83105, 504.91638
369.66925, 331.802
370.83508, 498.1369
369.2237, 243.49345
712.1806, 669.6803
370.94327, 451.7136
370.94327, 451.7136
370.94327, 451.7136
373.0144, 623.8548
369.48425, 151.29556
495.99298, 42.128582
369.80484, 80.94635
369.80484, 80.94635
371.45343, 371.11438
743.38666, 362.3631
373.07144, 587.6551
370.03232, 108.284325
371.19855, 292.47345
370.70056, 229.19182
370.9663, 204.42609
370.59656, 165.24089
370.86334, 113.46291
496.4857, 302.91522
743.04803, 588.2681
372.693, 409.85538
497.079, 405.94815
712.1806, 669.6803
373.84705, 528.20703
371.68463, 148.823
742.05695, 54.939175
374.48764, 559.4316
495.4976, 70.59767
495.54807, 172.55666
496.94952, 541.8005
375.3341, 657.863
375.3341, 657.863
495.0229, 123.90762
373.8626, 383.5666
374.04062, 376.04166
374.46893, 397.8494
375.43732, 576.80896
373.75665, 341.56628
374.60388, 347.6802
373.2485, 200.6817
496.50702, 485.91177
495.39526, 319.3898
376.319, 585.18445
374.46042, 327.9258
375.8406, 344.53568
374.06998, 205.7683
377.34668, 589.56226
376.9693, 319.73087
375.61984, 257.87067
742.20465, 113.668045
377.07336, 518.514
376.12485, 333.63144
741.1998, 193.98204
379.03363, 627.5761
493.95724, 178.42513
493.2345, 169.62473
378.99362, 604.8425
494.52686, 378.39493
494.02045, 291.69656
494.02045, 291.69656
377.5756, 468.09537
377.5756, 468.09537
495.42618, 629.60974
378.32834, 554.657
375.62372, 261.64737
379.1976, 592.63275
378.63086, 550.4947
377.34015, 269.56894
376.6215, 144.8641
711.47015, 420.9878
494.0401, 482.99072
377.30634, 156.58092
377.99136, 109.76153
378.61487, 332.3809
378.75952, 315.13052
492.84955, 251.17516
379.5723, 425.361
379.5723, 425.361
380.33157, 588.1359
378.4871, 282.37097
379.6324, 451.90424
379.41284, 296.55127
491.8228, 156.28604
379.5431, 328.68182
710.67944, 234.22192
712.8386, 620.53033
741.5797, 569.84906
378.9636, 161.5136
741.5797, 569.84906
381.6418, 519.996
380.59485, 267.32175
379.38885, 191.23405
492.9069, 355.7793
491.95837, 256.25812
383.20096, 654.93396
381.9641, 577.2043
381.41483, 445.22723
492.12787, 292.45316
741.6724, 675.17377
382.64648, 525.0824
381.9475, 383.95587
381.9475, 383.95587
380.06293, 80.1082
491.42123, 231.5183
491.42123, 231.5183
381.0136, 231.59363
490.9668, 200.63043
491.0491, 41.60033
381.33878, 211.80432
381.57892, 188.61087
381.57892, 188.61087
383.0085, 344.7053
382.49973, 264.15857
385.203, 647.78986
382.35364, 106.319046
383.7728, 452.49738
383.6282, 407.47403
384.08194, 525.2494
490.82645, 139.65207
383.87195, 413.6375
739.79706, 422.14056
740.89594, 593.157
739.7454, 661.83386
490.96188, 180.41231
382.19162, 58.489872
492.5054, 575.7209
490.52185, 146.34013
491.66144, 448.55972
386.9887, 632.56946
738.835, 432.88525
738.835, 432.88525
490.30835, 347.95236
385.35556, 52.758003
386.9014, 496.33008
388.4571, 617.4242
488.91592, 183.7962
488.96628, 202.79935
385.65082, 137.53185
385.50888, 226.8341
385.08884, 70.605194
490.76715, 456.44412
387.78076, 504.11777
389.3656, 616.49457
385.8113, 56.88989
738.7314, 296.13986
737.9494, 91.22337
490.61627, 443.58322
489.57898, 39.030483
388.69022, 563.12885
388.69022, 563.12885
489.0596, 228.4854
489.03537, 290.6387
386.67578, 189.82744
488.40704, 99.31049
386.78824, 213.03455
387.52167, 267.43314
387.31537, 134.78313
738.84827, 575.6797
390.6557, 628.8466
387.8165, 155.02473
489.0246, 379.25052
489.0246, 379.25052
488.1616, 216.18985
488.1616, 216.18985
490.2367, 672.7064
387.85474, 140.59473
390.30594, 551.0417
487.8592, 195.98755
388.26794, 226.88777
487.46802, 145.26605
390.30536, 399.58014
389.05313, 132.88998
487.12753, 206.63237
390.17587, 318.65717
711.8046, 119.76569
390.85834, 481.17352
391.1339, 467.34653
737.4383, 439.9644
391.2175, 451.98676
389.75165, 292.59598
389.48495, 137.11238
392.41104, 595.6533
391.46838, 505.01297
390.15677, 104.6405
391.47513, 430.6001
711.27026, 58.37427
391.59357, 466.64392
487.84027, 318.76566
393.3737, 650.52606
392.32922, 497.899
486.20325, 101.45464
394.2554, 656.4348
394.06232, 632.4778
712.0335, 528.6046
390.80023, 50.965652
486.8641, 304.45413
393.2635, 554.49896
486.8641, 304.45413
737.5814, 417.18118
392.60284, 420.89328
487.67188, 513.62225
487.67188, 513.62225
390.99728, 108.81607
487.81668, 509.16278
486.21445, 264.81848
391.93817, 229.58177
391.93817, 229.58177
394.59702, 593.92126
391.91315, 213.1925
736.0483, 270.5979
485.89386, 230.59889
485.81094, 162.49796
485.84305, 245.75375
392.5406, 254.7966
393.39514, 334.85718
737.001, 674.0763
395.5965, 612.40015
485.81094, 162.49796
394.3838, 424.1242
395.47958, 552.6535
395.47958, 552.6535
395.81436, 665.6834
393.00815, 71.85369
393.79773, 285.29272
485.81094, 162.49796
394.75565, 408.6925
395.04858, 404.86392
488.10388, 620.6176
395.8205, 498.0388
395.8205, 498.0388
396.9152, 630.06226
394.70004, 317.4173
395.61154, 381.01556
395.61154, 381.01556
395.8501, 393.37408
486.95795, 531.59735
736.6627, 622.16394
396.0734, 433.46945
396.0734, 433.46945
484.74344, 150.89336
398.23392, 653.8456
394.14233, 126.99664
484.26257, 74.7785
736.6627, 622.16394
395.05576, 112.82265
395.08167, 228.43047
735.4025, 326.24557
396.63464, 402.3978
396.5114, 271.6061
396.04858, 297.1827
397.02615, 426.4656
398.95673, 596.6363
398.47418, 491.66513
396.58246, 239.64833
712.51056, 413.65964
484.24396, 186.02719
484.42606, 302.56384
397.9204, 327.73663
483.61472, 126.910225
397.98804, 338.7038
400.2572, 603.9251
397.79007, 293.41296
397.86786, 246.90427
399.00082, 393.84933
397.2005, 161.97672
483.21057, 201.83502
735.6819, 356.8924
483.48096, 240.48772
398.77756, 333.33316
735.5941, 560.8049
398.013, 108.60218
401.26685, 649.2697
399.00092, 213.7025
401.55383, 658.0686
398.25797, 181.45778
400.77222, 501.09097
399.0001, 307.231
712.4512, 51.30416
398.90836, 223.1843
398.49634, 128.84805
484.4971, 514.6089
399.78845, 290.31555
402.09033, 654.6532
400.75592, 407.94077
484.91595, 465.23578
402.51907, 664.46173
481.81464, 77.7044
399.72574, 266.90198
399.72574, 266.90198
401.98453, 557.6277
398.98853, 77.29376
401.17865, 452.92432
735.10016, 504.15198
402.0546, 506.36407
402.0546, 506.36407
400.24622, 303.0055
734.012, 86.84266
712.8346, 205.64745
400.75104, 480.00555
400.75104, 480.00555
401.5938, 335.3784
401.5938, 335.3784
481.52658, 184.05247
481.52658, 184.05247
401.02078, 50.494038
403.48215, 533.9696
404.53796, 652.60754
404.78864, 666.0968
483.5011, 587.34595
401.79117, 132.02267
481.49655, 159.03143
481.82397, 291.40173
403.47263, 316.60956
712.85266, 437.5399
406.37436, 662.4414
403.48608, 245.96812
480.5458, 269.09503
405.1034, 398.898
407.09473, 649.84375
405.2878, 347.51895
406.7084, 557.80835
732.9712, 206.3055
733.5715, 596.4886
480.7086, 321.82388
480.61176, 386.92212
712.5963, 86.18706
407.0427, 537.7743
404.27383, 82.09158
480.81506, 465.05383
405.16122, 106.40252
405.6587, 287.30856
481.1146, 455.14102
480.34726, 482.6654
405.9357, 242.52187
405.42142, 43.681644
408.95984, 666.0796
406.92767, 344.5341
409.4825, 656.00165
406.7633, 320.8916
408.41977, 476.9313
408.93555, 530.49817
408.93555, 530.49817
409.46683, 553.7738
480.061, 400.1583
406.98898, 164.11385
481.13257, 607.14484
478.3946, 99.41779
479.60745, 392.94327
408.82465, 506.67236
408.67703, 451.92404
408.67703, 451.92404
407.56995, 280.17377
479.07028, 288.74356
409.91867, 601.98486
480.131, 558.05927
407.6565, 49.78223
714.1202, 622.176
477.36227, 242.0057
408.30365, 105.93202
408.13876, 214.97221
714.1202, 622.176
409.12347, 317.77368
409.12347, 317.77368
477.54175, 153.36218
478.5886, 416.29077
408.70676, 148.94942
480.09717, 598.912
477.3229, 167.31944
409.18143, 246.10487
409.18143, 246.10487
713.88245, 292.9359
478.20547, 373.00278
713.33496, 212.87674
412.98566, 660.4885
478.239, 405.92603
478.38498, 507.83856
410.06183, 176.2189
410.40707, 221.77774
478.16068, 457.7839
411.3409, 242.9636
411.3409, 242.9636
415.05957, 632.67096
411.22336, 155.48546
411.3686, 107.90162
411.65732, 159.47746
413.426, 427.13907
411.74445, 186.15279
411.74445, 186.15279
476.98724, 291.5465
412.16742, 48.493156
415.2601, 665.5725
477.345, 379.26987
713.33496, 212.87674
415.47522, 657.75415
412.9933, 238.87369
413.11694, 343.6533
732.5014, 647.11743
731.26245, 200.64647
414.92096, 457.59924
414.92096, 457.59924
414.40488, 358.0801
413.59177, 259.31735
413.70996, 264.72046
477.56458, 511.85193
477.56458, 511.85193
476.91052, 375.32843
415.33823, 402.77048
713.7033, 298.73312
475.92264, 218.7506
475.99686, 272.62756
417.6878, 661.2565
475.4973, 157.36229
417.6669, 628.3557
477.85785, 491.2406
416.41528, 430.572
418.41626, 672.9984
415.8646, 299.28137
415.06378, 147.05154
415.03284, 185.96265
415.86554, 262.3684
416.0129, 240.52382
418.92355, 615.5947
418.43005, 577.6792
417.40213, 444.18372
417.88135, 480.27274
416.4849, 246.02472
731.6129, 142.42487
417.0229, 322.45462
417.1978, 285.9583
416.73294, 294.30795
420.13855, 633.615
416.25165, 82.8242
419.85074, 638.14185
417.09686, 172.8973
417.8879, 212.54028
476.07663, 401.96674
475.96918, 391.4664
730.0231, 261.47403
417.94785, 270.74127
417.94785, 270.74127
419.3595, 301.4828
476.24054, 463.30344
422.07364, 610.8638
729.8918, 146.05908
419.28787, 243.96716
475.24188, 184.00034
729.8918, 146.05908
476.2379, 558.98773
419.8496, 101.33034
421.73914, 484.71255
421.17288, 351.8967
476.2379, 558.98773
420.14243, 215.28432
419.96783, 132.4803
475.12314, 339.15036
420.16815, 74.48307
476.84106, 672.02606
421.62332, 274.40503
729.1688, 338.37973
423.30963, 455.71106
729.4574, 114.09267
474.20267, 110.90108
729.0343, 264.03845
473.80768, 99.53776
473.80768, 99.53776
729.56445, 618.13654
728.80164, 396.8267
729.16693, 473.71735
422.15594, 201.85287
475.37616, 508.84412
422.8058, 270.05887
473.13333, 73.57955
729.16693, 473.71735
422.9046, 209.32063
423.12915, 223.82791
474.11514, 227.23436
474.19714, 241.90088
424.33902, 348.94388
728.0934, 53.816227
728.63055, 391.4653
728.17114, 589.4876
714.9341, 387.63034
425.9695, 559.4867
475.58203, 563.5086
727.7845, 526.7851
425.67712, 397.60825
425.94122, 480.15292
476.34985, 664.61066
727.04315, 138.77718
726.78577, 57.37118
726.64825, 106.458626
726.64825, 106.458626
427.56934, 597.57996
426.28452, 422.60782
426.52615, 343.2931
425.1137, 162.12885
424.82486, 63.033737
726.28094, 299.644
425.93686, 235.43565
426.19696, 235.43481
473.46954, 43.29863
425.19464, 78.1452
426.99823, 402.33203
427.6377, 452.28488
472.4238, 238.58441
427.9679, 516.926
427.9679, 516.926
473.8413, 511.63928
430.00266, 634.36536
426.51483, 105.85065
426.51483, 105.85065
426.78723, 102.18163
473.8413, 511.63928
727.0089, 564.85944
472.62082, 270.65228
726.86206, 666.96234
427.21497, 158.37213
427.21497, 158.37213
473.58224, 426.97458
473.34335, 342.6862
472.16586, 155.19719
427.80865, 240.3705
428.79303, 371.7347
428.33273, 60.985226
473.70505, 592.5209
472.6569, 317.59067
430.99347, 585.7856
715.19946, 589.4854
472.23584, 215.65666
430.3305, 513.5933
428.99973, 295.8516
726.00543, 143.35686
428.3581, 114.37138
726.1039, 521.61694
430.2162, 406.34735
473.17575, 482.34256
473.17575, 482.34256
472.18802, 458.15686
428.96707, 208.54025
725.22534, 151.36417
471.07352, 174.72934
725.8045, 271.60373
429.57404, 127.13136
432.0302, 533.80865
429.6438, 124.507034
725.957, 560.50543
432.54556, 612.0464
432.54556, 612.0464
431.92657, 502.50037
431.62256, 454.6146
430.59247, 169.23734
472.28317, 375.15732
432.12018, 494.90613
472.0311, 396.44543
431.94193, 399.79602
431.94193, 399.79602
472.11887, 388.49582
472.11887, 388.49582
471.57095, 270.4168
431.86346, 335.39017
431.86346, 335.39017
724.32806, 157.76439
430.8435, 214.60593
471.39902, 347.5346
471.39902, 347.5346
724.37134, 113.66875
470.90488, 228.1283
432.5922, 402.7681
432.83243, 395.70776
431.36942, 105.18015
725.1593, 569.49524
434.64642, 583.78876
723.76776, 165.89938
723.76776, 165.89938
723.7064, 439.12637
432.3316, 267.26758
434.43735, 493.34964
432.86737, 220.28212
434.43094, 442.4314
470.90488, 228.1283
432.9396, 156.67365
723.91766, 148.02493
434.68973, 387.53247
470.27078, 262.91074
433.5986, 185.08853
434.55133, 330.99326
437.03427, 644.52814
434.48627, 286.66522
470.27078, 262.91074
436.46445, 608.5176
472.22958, 588.0716
434.64832, 264.069
434.178, 118.95124
437.28107, 587.65906
470.19684, 273.8571
437.69867, 647.99817
434.95605, 213.74858
468.8984, 74.73585
436.8727, 510.3787
434.95605, 213.74858
723.6186, 344.86603
722.8504, 221.06543
470.1643, 497.81696
437.88156, 534.0195
437.88156, 534.0195
435.4314, 76.10525
723.0451, 327.0115
469.89133, 509.6943
437.38403, 428.75644
437.7641, 374.62015
436.81845, 182.024
436.5518, 78.78199
437.4149, 226.0172
440.53238, 659.67926
468.72867, 241.01483
437.66516, 163.1491
440.82706, 619.2629
437.991, 214.44441
469.71008, 436.4063
441.2018, 625.8949
441.2018, 625.8949
441.0969, 632.2401
438.97046, 331.85153
439.85617, 456.56924
439.85617, 456.56924
438.50027, 281.97775
722.2255, 266.38937
722.2255, 266.38937
722.95013, 584.3803
440.25406, 413.37964
440.47205, 402.51474
442.19824, 584.6468
441.7069, 555.23
468.08057, 128.43648
439.27884, 104.24069
470.7012, 615.4364
439.75006, 184.11311
441.04184, 421.42532
441.04184, 421.42532
443.26016, 641.6279
442.15234, 510.46237
471.2155, 670.8551
469.3114, 448.45062
469.3114, 448.45062
441.03403, 287.02295
441.03403, 287.02295
443.9412, 665.62775
444.0191, 637.29987
443.28427, 612.3472
441.2008, 181.31267
439.20642, 52.32807
441.5754, 186.9787
445.10403, 633.5569
721.70984, 279.51746
444.08737, 559.0694
721.88855, 162.30801
441.2008, 181.31267
443.7833, 408.3038
469.3114, 448.45062
468.89618, 429.37042
714.9148, 177.6403
443.18375, 144.4711
444.54636, 343.11142
467.73734, 216.41925
721.3497, 143.96355
443.9143, 128.81207
443.9143, 128.81207
446.39526, 555.467
468.8946, 463.3967
446.55453, 511.0901
469.3669, 641.0669
446.6081, 483.616
445.971, 264.5652
446.69064, 317.79416
466.7753, 276.9326
715.18463, 235.51826
445.7313, 133.6059
465.90634, 74.58669
445.60608, 44.56176
445.60608, 44.56176
448.4662, 584.4897
447.5357, 454.85968
449.97232, 650.1731
448.06827, 508.12866
447.15503, 155.81087
467.46204, 347.62848
447.3839, 231.30525
446.9921, 93.97195
447.20776, 268.96085
467.04132, 402.01584
447.46863, 190.411
447.287, 199.86902
467.04132, 402.01584
715.7703, 288.71396
447.7523, 100.10149
447.7523, 100.10149
720.74286, 274.79886
467.17365, 485.81778
465.80072, 212.57787
449.29446, 451.94925
447.60104, 128.68686
447.81772, 79.56919
449.1698, 319.37253
450.0807, 448.79926
450.0807, 448.79926
450.86377, 478.21277
716.0547, 352.0953
449.04776, 159.25874
450.89102, 488.3293
466.11478, 436.62698
720.15454, 414.72678
450.46158, 273.1944
450.46158, 273.1944
451.83456, 513.9661
451.03345, 315.3878
451.03345, 315.3878
452.45944, 521.4477
452.2036, 500.84674
452.2036, 500.84674
451.70844, 321.74915
720.3148, 233.9562
719.51166, 115.6104
453.1122, 560.4362
451.27805, 187.04231
451.97375, 293.31186
465.0901, 185.47668
454.01547, 585.0807
454.22107, 564.272
453.93527, 531.7817
453.48492, 418.8907
454.29813, 589.8276
465.8393, 414.90616
455.44116, 621.4558
454.18896, 454.48297
465.44083, 386.49573
453.34387, 291.08517
720.63007, 407.5148
464.2397, 70.464935
465.7656, 519.3347
453.42444, 164.49908
453.73163, 154.43774
718.9488, 218.34976
455.48, 410.57355
716.7388, 348.94937
719.0326, 205.21927
454.01205, 100.85481
455.98972, 536.0004
719.18567, 226.85689
454.1712, 127.91755
463.33636, 65.10674
454.6714, 190.57474
454.86746, 65.5819
454.86526, 198.07243
455.55154, 287.59433
456.71234, 427.6527
458.54797, 646.7648
458.54797, 646.7648
455.9879, 241.87666
455.9879, 241.87666
718.73425, 174.77356
463.3852, 209.44778
463.3852, 209.44778
457.4197, 494.2642
457.4197, 494.2642
457.25818, 390.3155
458.87845, 650.25836
716.6268, 604.1408
456.12122, 46.877007
716.3455, 414.33652
458.70767, 560.73474
456.94037, 158.4519
458.03412, 422.88583
456.91943, 264.89862
718.7583, 89.06724
457.60544, 235.908
457.60544, 235.908
458.9484, 512.7669
715.92126, 271.2169
719.15356, 336.62506
463.75418, 409.39374
462.82135, 73.393364
465.0798, 581.978
460.12003, 373.55423
465.33847, 617.89453
459.69827, 396.80273
462.42258, 156.16223
718.123, 559.4592
718.3099, 639.37646
459.35605, 130.96106
463.4701, 663.8498
460.1116, 44.912807
718.3099, 639.37646
462.92572, 614.9446
718.4284, 627.566
462.28506, 242.71095
716.0209, 41.482872
716.55536, 91.73486
460.07126, 127.118095
462.13278, 549.6888
717.1812, 379.74017
460.78998, 259.8585
462.0458, 264.054
460.74258, 199.80214
464.2028, 639.22375
463.30722, 485.00696
672.6042, 134.68388
671.23816, 343.65634
669.8461, 300.6002
458.7205, 174.65202
39.97954, 306.0436
46.942486, 112.18773
658.4868, 521.438
655.5519, 498.15985
450.9797, 469.89374
450.9797, 469.89374
74.549416, 48.301132
77.12089, 50.813705
94.47251, 393.07907
440.61057, 469.9927
633.57355, 674.8682
629.6791, 83.81723
623.9242, 42.663784
113.373344, 405.68658
117.39973, 460.68518
618.2311, 578.04083
618.2311, 578.04083
823.04584, 420.03055
823.04584, 420.03055
130.50525, 449.679
474.8762, 527.69
474.8762, 527.69
807.9837, 166.2059
590.0843, 126.3743
801.28796, 72.87615
170.00426, 166.88112
793.91223, 118.64496
793.7183, 648.9065
195.56535, 610.5355
195.56535, 610.5355
413.29367, 353.16638
696.2078, 590.5249
412.37772, 670.8748
696.2078, 590.5249
206.67633, 447.87973
207.11946, 427.63812
207.11946, 427.63812
206.47435, 272.647
554.16846, 129.34918
226.54405, 110.698135
404.96085, 128.39667
547.058, 88.865456
404.67926, 307.3536
243.29842, 340.04633
250.60674, 373.00854
250.59703, 408.01352
252.53506, 420.32654
543.1588, 558.9204
700.2437, 270.44775
400.51593, 443.20395
264.6234, 380.97357
533.10376, 412.49057
526.75995, 131.54474
525.57806, 73.00727
525.57806, 73.00727
292.57394, 48.05934
305.17795, 274.04694
311.20734, 625.78656
311.26474, 625.55164
519.4681, 272.19516
323.3814, 521.21436
751.4604, 326.42932
336.13007, 364.10513
336.13007, 364.10513
337.17096, 314.6369
388.8305, 71.49278
389.35202, 198.63675
747.8888, 414.44272
344.93015, 601.35474
344.93015, 601.35474
508.37463, 475.10553
352.93637, 312.33282
355.57083, 140.78918
746.2377, 472.712
712.1922, 506.6052
360.42578, 100.13159
363.08566, 107.09149
363.08566, 107.09149
498.18347, 87.700226
497.23984, 103.16527
375.1667, 630.5383
270.45026, 312.74023
221.11194, 108.92954
537.91614, 194.29567
98.113686, 197.26163
