743.57275, 193.27835
743.5129, 11.649894
743.6838, 591.31915
743.3593, 517.8728
742.8117, 527.40356
742.7701, 29.854689
742.5574, 381.58133
741.91205, 206.38216
741.91205, 206.38216
741.82764, 351.0887
741.4607, 410.75748
741.44635, 470.01614
741.3927, 165.293
741.26654, 638.4166
7.2473917, 286.2325
740.96204, 23.483772
740.9285, 494.00015
7.5760226, 344.27298
744.4354, 7.024652
740.8138, 607.0588
740.5951, 355.20413
740.5765, 87.997604
740.17456, 35.747524
740.172, 473.54346
739.9861, 150.4556
739.82446, 308.96463
739.8135, 177.68964
739.78656, 581.75665
739.72736, 275.20837
10.834728, 585.81915
744.82544, 177.28964
739.54504, 288.78323
12.433078, 608.77155
739.1832, 97.33011
744.85596, 366.1093
744.91754, 437.77414
738.59015, 121.36889
13.899624, 544.824
14.571347, 182.93806
744.9871, 501.4934
14.6458435, 237.00645
14.6458435, 237.00645
737.95337, 412.75113
745.17737, 181.09415
737.49426, 397.00836
737.49426, 397.00836
737.49426, 397.00836
15.9851885, 322.3783
737.3492, 237.97551
737.3492, 237.97551
737.3173, 372.04623
745.17737, 181.09415
17.549093, 241.80641
737.19385, 529.768
737.15857, 187.37425
18.324335, 317.3159
18.324335, 317.3159
18.681637, 510.73993
19.183485, 547.0611
745.2173, 252.94463
19.363523, 273.49182
19.460749, 204.68251
736.53217, 258.08258
20.100893, 258.23267
736.53217, 258.08258
745.3321, 379.87534
21.040998, 575.1535
736.2914, 264.42758
736.22784, 62.647995
736.07825, 637.3257
736.0354, 227.01134
735.8952, 637.18915
21.681675, 189.87486
735.8952, 637.18915
735.6123, 86.70926
21.996696, 291.85782
22.162405, 493.39783
745.4862, 572.1635
735.53186, 180.52284
745.4862, 572.1635
745.59674, 505.8656
23.042667, 279.48877
735.0429, 522.52747
734.8606, 613.52716
734.5648, 373.49872
734.545, 235.61986
734.2337, 240.48004
734.2337, 240.48004
23.528456, 586.7461
734.0943, 23.392483
24.692451, 589.63104
25.02583, 634.07355
734.02, 586.7365
25.451458, 480.83853
733.0762, 579.2627
733.0762, 579.2627
732.90894, 546.7297
25.828876, 353.97702
26.099949, 315.2662
26.099949, 315.2662
745.7651, 238.22404
26.461432, 219.91426
26.750278, 638.4652
745.84283, 512.99335
745.968, 207.16211
732.039, 386.98785
731.8216, 466.8011
28.229763, 553.97296
28.229763, 553.97296
28.599888, 467.14383
731.12445, 205.46866
29.310759, 395.18814
745.9917, 187.22145
731.01843, 537.94336
731.01843, 537.94336
730.9796, 618.05273
30.46869, 635.1864
730.9518, 58.994953
746.0068, 534.3482
30.692026, 266.6667
730.54443, 227.20609
730.42487, 86.81928
730.2825, 442.48358
746.2781, 242.52023
31.662073, 610.7123
746.2781, 242.52023
729.89197, 29.920563
31.870842, 171.32845
32.11159, 75.88958
729.603, 625.2854
729.5901, 543.9535
746.4535, 138.89034
729.4424, 496.73312
729.3626, 640.4913
729.12976, 551.7379
32.96029, 320.6801
32.973927, 89.00833
729.0426, 529.6727
33.269764, 640.4371
728.99506, 67.7585
728.9238, 507.9778
33.371662, 483.00427
728.89404, 271.06128
728.04236, 260.5721
34.505898, 64.98248
34.59121, 291.4102
34.76172, 586.8764
746.56573, 307.99197
727.6027, 62.205986
727.6027, 62.205986
727.35016, 99.47195
35.34857, 190.52551
746.84155, 318.03687
747.44305, 303.50204
36.91567, 249.8283
36.91567, 249.8283
726.4924, 577.8094
726.4718, 413.26117
726.4718, 413.26117
37.42632, 13.755339
37.42632, 13.755339
37.42632, 13.755339
747.5163, 153.50348
726.122, 118.186584
726.09393, 94.4195
726.0674, 85.179
725.94025, 349.99026
725.94025, 349.99026
725.22766, 438.5083
725.04645, 418.3182
724.76733, 443.04968
724.5111, 463.48752
747.54895, 64.471016
724.1081, 617.9472
724.1081, 617.9472
39.829266, 53.794247
724.08887, 82.86625
723.58026, 236.82892
40.39144, 344.89075
40.39144, 344.89075
723.34393, 164.96037
723.34393, 164.96037
722.91797, 408.85385
722.90076, 568.6274
40.85671, 520.21173
722.90076, 568.6274
722.86346, 208.91869
41.42596, 75.55173
41.439087, 39.85135
722.8555, 526.3887
42.082798, 636.5286
42.31378, 517.31714
722.8555, 526.3887
722.3064, 59.8328
722.3064, 59.8328
722.1748, 559.04333
43.831974, 196.61687
43.935, 319.1223
44.337456, 346.93427
44.500607, 559.5671
721.1982, 91.62396
721.1982, 91.62396
44.938328, 26.186642
720.83887, 610.9684
720.764, 496.61612
45.21697, 48.831974
45.80396, 340.0977
45.80396, 340.0977
45.824707, 97.01116
720.2286, 170.09143
45.946903, 65.99942
46.194748, 174.37344
747.94006, 419.58618
46.708755, 267.654
46.708755, 267.654
46.849346, 150.02855
720.00867, 177.69589
47.020645, 315.93582
748.0232, 325.4632
47.10222, 199.46475
47.600292, 244.33478
47.894073, 248.0131
48.151325, 100.23896
719.37134, 640.1519
48.897213, 379.98108
48.897213, 379.98108
49.06337, 488.00565
719.1822, 548.6459
49.61599, 587.5912
49.662716, 157.08131
49.99004, 109.59792
50.326008, 435.4848
50.36569, 41.150097
50.36569, 41.150097
748.1366, 392.05948
50.71552, 212.69218
718.8526, 8.480045
51.357635, 200.58101
748.20917, 510.20453
51.42236, 545.3334
51.42236, 545.3334
51.499184, 677.41565
51.53567, 205.85408
51.53567, 205.85408
748.50446, 503.81085
748.50446, 503.81085
717.9569, 212.4884
52.018883, 322.73544
52.466965, 347.72055
52.861362, 419.82764
52.861362, 419.82764
52.961388, 685.9312
52.999645, 294.0878
748.58966, 176.70163
717.23724, 629.2579
53.596737, 566.7203
53.73185, 260.46265
716.5971, 238.4519
54.34229, 318.04263
54.62664, 191.0985
54.766624, 237.5138
54.7764, 123.26351
716.5788, 445.90298
55.875313, 434.8638
55.885967, 245.71346
56.104004, 214.94145
56.104004, 214.94145
56.121788, 92.42052
56.186256, 35.371677
748.80206, 109.604576
716.04926, 83.548386
56.37975, 592.03827
715.9295, 325.47253
748.8369, 551.15344
56.7019, 638.0415
748.96686, 437.70847
56.88858, 40.312405
56.88858, 40.312405
56.901222, 518.2597
56.901222, 518.2597
56.901222, 518.2597
56.90602, 562.2657
715.7709, 178.86624
715.70734, 436.51056
57.118168, 68.65219
57.290367, 252.62314
715.3126, 232.01472
57.540085, 65.1604
749.0382, 170.88087
715.1419, 203.44817
57.81352, 369.14117
58.00415, 240.43292
58.140156, 110.69835
58.41344, 641.84906
58.481773, 432.30753
58.589455, 240.16263
749.0382, 170.88087
58.822327, 55.182175
714.9012, 498.92554
714.85345, 253.42165
714.85345, 253.42165
59.22075, 13.875557
59.550884, 89.09525
59.98642, 316.17685
714.65314, 120.655815
60.12502, 178.54128
60.162304, 292.44907
714.04236, 213.40106
714.0252, 384.8483
60.5184, 499.82098
713.968, 578.3147
61.073868, 208.37128
61.56375, 142.52763
713.3125, 30.55241
61.800903, 544.68176
749.3769, 12.687201
713.08466, 175.11049
62.05038, 516.1607
62.054893, 643.3797
712.72144, 6.165169
712.56384, 411.20975
62.30195, 167.64183
62.424397, 67.55145
62.533623, 268.56155
62.741306, 199.42685
712.4694, 287.04214
62.854923, 63.87576
712.4694, 287.04214
712.3218, 115.77412
712.27185, 76.82598
712.0894, 91.02029
711.8377, 125.1508
711.7985, 466.42273
711.7985, 466.42273
711.7844, 324.6664
711.6117, 299.65668
64.01266, 175.44286
711.60706, 259.5105
64.28536, 594.01337
64.41248, 343.2256
711.60706, 259.5105
749.4561, 211.04541
711.3008, 342.30624
711.3008, 342.30624
711.151, 434.47726
711.151, 434.47726
65.432625, 610.6862
711.05334, 240.1383
749.68854, 469.21365
65.890366, 115.66632
66.000984, 267.969
710.55493, 339.3261
66.13546, 39.659065
66.13546, 39.659065
66.76816, 376.30707
66.88445, 335.55322
66.93789, 317.4885
67.253494, 224.40231
67.35082, 300.26196
67.42484, 421.8586
710.0811, 87.91304
67.74089, 131.44826
709.90186, 547.0401
709.4402, 59.877235
68.01833, 343.1807
68.01833, 343.1807
68.12285, 179.00407
68.167595, 590.2962
68.167595, 590.2962
68.179184, 413.636
68.2818, 590.3284
68.2818, 590.3284
708.9415, 412.11768
68.614105, 326.35962
68.614105, 326.35962
708.7019, 345.273
68.88769, 340.08466
749.86487, 291.15323
708.32855, 617.3966
68.98399, 346.64996
708.32855, 617.3966
69.103325, 610.6268
708.2742, 494.06342
708.1177, 322.9103
707.92645, 481.42334
70.27662, 236.4021
70.33546, 514.3599
70.33673, 197.44543
70.372536, 418.10324
70.372536, 418.10324
707.88086, 177.83688
70.53181, 63.995525
70.53181, 63.995525
70.60749, 91.67225
70.60749, 91.67225
70.7442, 145.05986
707.6836, 526.8536
71.02835, 222.59473
71.107216, 343.20093
71.107216, 343.20093
71.19711, 465.84647
71.32068, 670.401
71.48217, 116.34827
707.6572, 237.9449
71.69625, 194.3587
707.5925, 531.65985
707.5202, 341.75604
72.10171, 399.14725
72.13269, 568.3789
707.14685, 224.51634
72.30664, 547.2698
707.10187, 228.12256
72.45459, 638.6604
750.3196, 586.64813
72.60184, 17.842243
750.5266, 384.36816
72.61108, 17.982056
72.94993, 142.055
707.00964, 68.98097
73.06286, 84.99649
706.9854, 265.02393
706.9281, 255.50098
73.373215, 367.23215
73.45663, 658.9182
73.93892, 327.69635
74.00908, 590.90265
750.8229, 127.43898
74.13853, 147.3955
74.16112, 264.41772
74.40785, 245.29182
74.424866, 375.03915
706.45917, 31.15293
74.6119, 248.54178
706.3687, 640.86993
706.29333, 437.3499
943.109, 299.99423
75.16919, 423.32574
943.109, 299.99423
705.5758, 256.55692
943.109, 299.99423
704.96643, 534.7958
75.88639, 223.58447
75.88639, 223.58447
75.89664, 346.97882
704.64044, 522.3227
76.190994, 513.22876
704.4633, 431.46088
76.34808, 642.5171
76.57847, 566.862
76.61409, 66.39951
704.3562, 235.83528
76.83104, 13.057536
76.92452, 140.36629
703.962, 479.9566
77.14013, 328.7191
77.34413, 206.87138
77.34413, 206.87138
77.42705, 481.35953
703.962, 479.9566
703.962, 479.9566
77.82755, 62.896862
78.21482, 118.67834
703.9289, 155.42953
751.1659, 556.6133
703.69244, 489.79306
79.359566, 8.39831
79.359566, 8.39831
79.38838, 289.72003
703.646, 177.50227
79.96703, 218.8915
937.22754, 141.84712
703.2671, 645.5846
80.4367, 515.0345
80.5089, 638.66187
80.62053, 97.08546
81.0654, 663.53754
702.6934, 118.38046
702.372, 146.4687
702.372, 146.4687
702.3116, 397.93506
81.51289, 46.427288
701.44586, 14.716929
701.4004, 411.41763
701.4004, 411.41763
701.22064, 583.5397
701.20056, 296.66983
701.05963, 533.5556
82.36785, 207.9618
82.55362, 618.5248
82.56816, 312.85715
700.99945, 380.75214
700.9729, 389.27222
700.9019, 355.09152
700.69135, 432.4908
82.64272, 84.62833
82.64499, 242.45334
700.53253, 423.05637
700.38934, 546.6133
700.3071, 259.6598
700.05084, 300.15768
83.653145, 483.43753
83.75291, 368.83
699.8521, 587.13385
83.99367, 63.391403
699.7569, 235.90991
84.232346, 318.6014
751.37085, 64.81606
84.391045, 343.06424
84.45738, 306.77682
699.2904, 169.16347
84.986786, 98.48528
84.98816, 499.92197
85.30405, 667.40985
85.4875, 323.07346
85.49772, 519.17163
85.49772, 519.17163
699.2095, 371.7024
699.0371, 24.293436
85.59709, 140.60416
85.65582, 6.754217
698.85114, 34.714207
698.7555, 639.8949
698.72784, 498.00995
86.21244, 538.62225
86.21244, 538.62225
86.400215, 295.2433
86.473526, 267.0193
86.473526, 267.0193
698.72784, 498.00995
921.03125, 230.37376
698.57635, 395.3259
87.53923, 531.55817
698.51544, 395.45776
87.70786, 630.6135
87.895744, 78.208755
920.3086, 113.88915
920.3086, 113.88915
88.42541, 479.9183
88.55733, 263.90613
88.55733, 263.90613
88.694435, 190.77954
88.751686, 591.8235
698.243, 18.634598
698.1221, 239.97783
698.04034, 12.14904
89.18925, 243.27275
89.20359, 41.600166
919.6398, 354.1409
89.846565, 34.510273
697.7395, 418.16556
919.5806, 228.82664
90.32776, 197.95163
90.38196, 345.68222
697.5087, 589.0475
697.1855, 573.8594
697.15546, 466.25952
916.0942, 56.320908
751.4806, 262.79758
696.532, 642.93915
90.71709, 226.11028
90.71709, 226.11028
90.82126, 239.81763
90.953026, 545.9556
91.11133, 162.43861
696.1094, 150.41982
91.30952, 317.71838
91.30952, 317.71838
91.431625, 649.1204
91.431625, 649.1204
695.72406, 291.9977
91.80349, 462.9317
91.8608, 190.52573
91.952576, 657.7247
92.13488, 87.14617
92.376015, 335.6707
92.376015, 335.6707
92.386246, 309.0781
92.40529, 83.80003
695.5808, 399.63675
695.5808, 399.63675
695.3744, 578.204
751.68915, 445.01395
694.98016, 61.685337
92.85286, 286.66577
92.85286, 286.66577
694.70984, 362.3974
93.1116, 160.04984
93.112144, 65.3488
93.19612, 471.5958
93.234344, 640.34094
694.6404, 405.2746
93.3884, 446.59937
93.397, 371.88126
93.54906, 404.3866
93.73901, 372.94244
93.78264, 413.45688
93.85776, 16.92635
694.6218, 411.86026
94.04063, 265.9668
94.04063, 265.9668
694.5034, 66.841866
94.37888, 341.77646
694.4499, 263.2713
694.3781, 6.60464
94.64761, 428.19376
94.64761, 428.19376
694.35596, 349.37827
912.9865, 115.57605
912.9865, 115.57605
95.03038, 416.9054
95.03039, 210.84836
95.04829, 554.7594
694.2974, 160.1366
694.2731, 389.10904
694.2731, 389.10904
95.39931, 528.8409
95.56764, 449.39514
95.71663, 399.41702
694.11975, 372.24878
95.92455, 502.1894
95.92455, 502.1894
95.93977, 667.9332
95.9973, 221.44308
96.172745, 467.21762
694.08673, 587.33
96.23127, 313.9855
96.33412, 39.446613
96.36176, 61.354828
692.1954, 154.73349
96.699295, 460.5717
96.79498, 301.22656
692.11646, 353.6408
751.88947, 102.93443
96.99745, 267.51196
692.03564, 555.6427
752.00946, 486.57117
97.3151, 89.771996
97.44172, 406.34195
97.4699, 414.0733
97.56552, 343.8431
97.56552, 343.8431
97.57273, 525.99146
691.6937, 235.59604
98.002556, 68.20632
691.5299, 25.35007
98.75917, 569.499
98.806725, 65.335205
691.5299, 25.35007
99.26001, 36.075275
910.1538, 358.16602
909.1806, 280.03955
909.1806, 280.03955
99.75933, 494.94617
99.75933, 494.94617
99.75933, 494.94617
752.23035, 549.4577
752.3146, 524.7703
690.61615, 99.33714
690.06445, 291.89487
100.285, 623.2882
690.05005, 60.584152
100.66514, 235.15413
689.9959, 147.9759
689.9566, 117.30507
689.9369, 242.08427
689.40967, 92.87122
689.40967, 92.87122
689.32385, 106.25724
101.48469, 516.37604
689.3236, 384.32074
101.592896, 667.95575
101.592896, 667.95575
101.73774, 505.12067
102.04449, 462.068
102.08876, 587.95233
688.9538, 165.64479
688.93616, 634.6551
102.28673, 570.2447
688.65765, 42.226944
102.51718, 267.33337
102.51718, 267.33337
752.63995, 241.96805
102.93622, 39.8494
102.9829, 191.57518
102.989006, 75.033905
102.989006, 75.033905
103.03297, 301.5647
752.63995, 241.96805
688.457, 305.02176
103.173454, 140.83737
103.173454, 140.83737
103.22171, 228.46204
688.08075, 177.3192
688.08075, 177.3192
104.322205, 597.987
104.322205, 597.987
104.335434, 566.3237
752.6537, 22.762089
687.918, 349.97684
104.565186, 596.91956
687.697, 309.19443
104.843704, 292.46204
104.843704, 292.46204
104.843704, 292.46204
105.24241, 208.99417
687.69086, 121.87037
105.5268, 612.81
105.61966, 9.669633
105.61966, 9.669633
753.0963, 294.72958
105.87323, 522.9477
105.9528, 372.30365
106.01187, 491.45407
687.4073, 624.98065
687.37695, 210.38118
904.43726, 56.37158
106.23694, 243.70888
106.44028, 42.71974
687.1887, 552.9526
687.0854, 199.70016
686.96234, 465.45953
107.10717, 271.08115
903.32733, 450.68576
107.39195, 166.76631
686.89935, 465.28317
686.8642, 634.04297
686.6139, 610.0496
107.7423, 167.86227
902.71875, 264.17453
686.0428, 291.67383
685.8699, 453.98453
685.85016, 614.18176
108.63147, 511.69876
108.71744, 593.0702
108.90363, 229.23647
684.7889, 264.04724
109.247734, 35.99687
109.30503, 545.0799
683.7957, 182.89906
683.44116, 321.14807
110.054756, 567.5058
110.36168, 642.0889
110.48759, 61.276707
110.50322, 223.06763
753.30115, 59.803158
110.883675, 344.63818
683.1646, 438.44186
683.1206, 202.65858
110.98587, 118.66864
110.98587, 118.66864
111.21171, 391.41995
902.0645, 359.96866
111.443, 183.81006
111.484825, 421.2748
901.18823, 357.3267
111.96164, 398.1376
112.009926, 375.27597
682.9103, 518.54474
682.7497, 159.83649
112.3532, 525.1672
682.5704, 468.79657
682.4583, 346.70148
682.3564, 168.75525
112.600784, 339.38434
682.02795, 618.30963
898.9726, 84.84542
753.8045, 508.02307
113.30072, 571.2028
681.9392, 579.4476
113.35354, 242.76385
681.6955, 568.5279
681.6554, 211.07974
113.99732, 7.71677
114.16405, 54.141514
681.62244, 138.95767
681.27405, 410.6532
114.33393, 487.10455
680.9346, 59.01153
680.652, 396.8057
680.57764, 305.6874
680.554, 350.36374
115.12197, 291.3708
115.12358, 204.6198
115.16581, 378.08566
115.689644, 593.6219
680.2755, 343.0556
680.1591, 212.43001
680.11926, 186.00047
116.18848, 598.1378
116.32256, 162.07063
116.41187, 585.03107
116.4479, 568.407
754.66144, 90.07722
679.31726, 288.94827
117.00847, 267.21603
117.00847, 267.21603
679.31726, 288.94827
117.22068, 43.51721
755.6495, 207.7884
679.10095, 203.16537
117.348564, 243.14304
117.348564, 243.14304
117.45995, 195.08727
117.56347, 54.92067
117.56347, 54.92067
679.00464, 573.22217
117.572464, 55.138744
117.572464, 55.138744
117.77889, 172.16672
679.00464, 573.22217
117.932335, 64.166245
117.932335, 64.166245
118.183495, 224.8076
118.183495, 224.8076
118.24315, 115.85683
118.511986, 192.50046
118.72308, 401.1039
118.79383, 541.52814
118.82806, 591.2385
678.53143, 353.9556
119.056, 83.54427
119.0581, 4.36419
119.22794, 36.52754
119.31176, 311.832
119.317245, 343.94064
896.45465, 241.37689
678.4708, 502.5013
119.45278, 237.90614
678.3626, 466.87735
119.65226, 12.949642
120.00774, 246.51022
120.19884, 550.40375
755.7946, 562.10284
120.61156, 151.53964
120.61156, 151.53964
678.1313, 179.49452
120.87921, 141.42336
678.1313, 179.49452
678.0869, 43.465527
894.37714, 78.10067
121.39611, 421.80365
121.39611, 421.80365
677.70917, 235.25717
121.51341, 643.6463
121.51341, 643.6463
121.59607, 79.60122
677.66956, 436.7607
121.818085, 94.76344
122.065796, 138.25523
122.411964, 27.34599
122.66095, 4.66733
677.10895, 64.27488
123.09247, 155.89262
123.09247, 155.89262
756.20166, 432.57016
123.50193, 117.93466
676.86664, 6.1613803
676.85864, 298.8281
123.8909, 569.362
676.8581, 516.69714
676.61664, 146.34505
124.25467, 311.7981
676.3583, 595.475
676.32477, 289.16296
675.8348, 387.17374
675.81213, 505.89493
124.50515, 50.140106
675.7203, 577.9096
675.55945, 124.075165
675.503, 3.612129
124.88384, 453.5007
124.88384, 453.5007
124.91535, 647.13446
675.457, 92.13873
125.421455, 521.5084
125.421455, 521.5084
125.96834, 609.8421
675.1474, 326.0596
126.163956, 61.783054
126.47719, 456.36508
674.98865, 313.85657
126.78052, 395.8076
126.78965, 216.39964
674.8789, 351.32864
674.6699, 152.98206
674.2933, 402.9817
127.36221, 528.9334
673.949, 522.42523
673.8641, 394.81088
673.8641, 394.81088
673.6745, 149.0489
127.60394, 499.64014
127.671684, 193.27147
127.85551, 35.5444
127.90416, 533.0652
127.90416, 533.0652
127.916985, 644.0135
127.916985, 644.0135
128.11075, 405.30096
128.12915, 515.9921
128.2257, 294.02393
673.1334, 96.16011
756.7058, 238.14117
672.88165, 466.79916
672.7999, 615.6587
672.53625, 387.47614
128.77686, 308.67368
672.53625, 387.47614
129.39842, 462.98425
129.40295, 381.56372
129.40512, 627.2216
129.44974, 243.32991
129.48369, 214.19095
129.52173, 496.33142
672.153, 63.919575
672.153, 63.919575
129.77623, 31.733435
129.85667, 47.69358
672.1022, 573.0525
757.2426, 297.15128
671.85004, 354.18195
671.8044, 638.0338
757.4145, 508.26218
131.12105, 579.0444
131.16837, 210.20924
131.16837, 210.20924
131.3512, 468.66162
131.58742, 14.729759
671.42267, 265.6457
757.7405, 358.9546
131.9318, 556.8613
132.24016, 549.9488
132.33647, 377.93286
132.59512, 650.05054
132.81978, 566.8415
132.88806, 306.92926
670.76685, 252.93692
133.147, 466.04324
670.5483, 443.3658
670.42865, 405.38535
133.6189, 541.7583
133.72243, 391.67276
133.87036, 670.3235
133.90875, 287.93817
133.98329, 20.97097
134.28227, 9.024882
134.28227, 9.024882
134.57138, 198.20981
134.89659, 508.78687
135.02246, 112.30632
135.03513, 552.7689
135.05338, 425.60574
670.2031, 99.01125
135.1841, 312.47775
669.86896, 469.94537
135.7346, 498.15604
135.81859, 402.00024
135.82648, 39.405754
136.01257, 184.32498
136.12305, 51.837357
136.14665, 53.978836
136.53728, 316.61557
136.56087, 515.796
136.63777, 410.26617
669.7924, 168.20325
669.7924, 168.20325
137.06522, 611.3917
137.07294, 215.4907
888.37744, 186.79303
137.33963, 4.6308713
669.7465, 350.94647
137.45518, 381.2105
137.45526, 308.9745
137.74268, 249.23479
137.8049, 397.53622
138.05005, 594.3815
138.06761, 421.9907
138.06761, 421.9907
138.40028, 618.0377
138.40028, 618.0377
138.51689, 586.0518
138.51689, 586.0518
138.71387, 289.53494
138.71387, 289.53494
139.00873, 488.40607
139.01198, 137.25923
668.7041, 415.41928
139.11702, 166.21541
139.23923, 86.690056
668.55493, 589.9391
758.9007, 56.88972
668.316, 268.4617
667.99274, 412.9351
139.59508, 606.7629
667.89075, 140.91928
139.86006, 34.08873
667.3594, 238.45273
139.97586, 659.6304
140.12271, 652.0615
140.43451, 115.279594
666.6561, 121.932625
666.6537, 410.10266
666.28345, 85.225136
141.09003, 53.47162
141.29523, 382.88507
666.19446, 59.128185
141.60188, 498.21448
141.93793, 84.18584
141.95918, 595.5308
141.95918, 595.5308
142.2667, 328.06393
665.50446, 37.58641
142.59207, 372.865
142.5986, 198.63878
665.44464, 6.41818
142.94499, 216.14792
759.3871, 175.79509
665.1876, 437.62924
664.98785, 207.87059
664.98785, 207.87059
664.55, 96.02817
664.22626, 609.6995
663.93634, 492.92108
759.6631, 88.58799
145.06685, 531.4046
145.34883, 286.39804
759.6795, 353.7899
145.52974, 337.11893
145.64067, 651.1609
145.65836, 166.00804
663.6159, 547.0718
663.6159, 547.0718
886.9728, 407.01596
146.47668, 380.5351
663.3644, 633.95807
146.59929, 475.12234
146.67934, 82.57542
146.80981, 117.524475
147.04128, 559.71454
663.1807, 148.96165
147.26831, 669.6143
147.29765, 192.8497
147.41766, 10.433225
147.43109, 344.31503
147.43109, 344.31503
147.54594, 397.92188
147.5983, 527.5947
662.97656, 295.97437
147.61844, 90.21936
147.67258, 324.93988
147.90419, 294.7113
148.02525, 412.0615
148.07413, 45.728333
148.17053, 16.7127
760.19617, 181.0672
148.38107, 51.95117
148.38107, 51.95117
148.52873, 7.05701
148.75725, 138.60167
148.81528, 240.15794
662.4524, 212.84526
662.42645, 4.571492
662.42645, 4.571492
760.23267, 524.9206
149.29102, 449.3655
149.38821, 114.54387
662.052, 485.77032
149.63927, 281.7949
149.63927, 281.7949
149.64679, 399.46423
661.94794, 349.02502
150.03644, 244.59325
150.215, 274.5422
150.2859, 341.5402
150.3337, 523.9079
150.6544, 42.214725
150.98619, 378.493
150.98619, 378.493
661.84753, 356.22015
661.4764, 413.2817
151.34978, 447.51187
151.38103, 53.48237
151.7057, 329.09998
661.2233, 121.11548
883.4637, 325.2936
152.08058, 628.20856
152.08058, 628.20856
152.19081, 287.701
661.0591, 91.28821
152.77586, 572.63184
152.85086, 321.81207
660.532, 164.0634
660.50977, 492.06775
660.4273, 6.901768
660.2793, 648.74835
153.67117, 156.55544
660.1428, 144.67435
153.70786, 280.8882
153.71729, 595.323
153.91792, 8.859693
660.0343, 306.60522
154.16525, 565.19653
659.9929, 642.8026
760.54895, 240.77158
154.3551, 54.35036
154.53181, 546.0496
154.55563, 377.7952
881.96295, 385.48505
154.65495, 264.07904
881.6846, 145.70912
659.65076, 548.25995
155.09256, 216.08365
155.11336, 324.90585
155.17662, 555.8482
155.21535, 267.6437
155.25845, 260.62704
155.53671, 498.9945
155.55344, 329.02332
881.6846, 145.70912
659.644, 311.27353
155.67583, 41.13722
659.52026, 494.90503
659.3854, 85.47846
659.3325, 76.03648
659.3097, 265.5669
156.12988, 144.42809
156.12988, 144.42809
156.17809, 111.27601
156.3007, 628.0907
156.30719, 101.99039
156.40347, 92.01412
659.08405, 591.82513
659.08405, 591.82513
156.64862, 637.0553
658.9437, 629.5595
156.8448, 490.1348
156.92543, 85.52922
157.47604, 162.52115
658.7092, 246.6845
658.3005, 131.2908
880.5877, 236.15706
158.04852, 379.15482
658.18164, 33.27941
158.46655, 623.56866
158.58093, 58.90597
158.60481, 189.5094
760.9443, 470.41763
158.7709, 631.9909
158.7709, 631.9909
158.82797, 473.97327
158.82797, 473.97327
158.83139, 115.88598
158.9589, 320.58374
657.9603, 330.31104
159.1481, 88.10825
159.66861, 547.0562
657.73926, 610.1604
657.6655, 37.132072
159.87883, 199.1618
657.6655, 37.132072
160.00978, 158.7067
160.00978, 158.7067
160.0385, 495.96002
160.06064, 478.0078
160.18759, 620.53845
760.9443, 470.41763
160.3213, 140.41066
160.36299, 134.45259
160.38725, 351.59848
160.47423, 386.55353
160.47423, 386.55353
160.48584, 62.704754
760.95184, 144.95671
161.11557, 594.46466
161.11685, 447.6231
761.0919, 498.37967
161.83139, 499.50235
161.8863, 195.87727
162.07053, 348.39642
656.74304, 459.44836
162.29051, 69.56051
162.32426, 471.37164
162.32814, 240.92165
162.32814, 240.92165
162.54776, 486.37033
162.58206, 524.04443
879.5452, 530.7922
879.24976, 613.1399
656.72974, 632.99493
162.95738, 38.228504
162.98358, 381.7546
162.98358, 381.7546
163.11919, 345.22638
163.12564, 354.42813
163.19217, 211.46684
163.30391, 82.018585
656.4985, 426.93842
656.4985, 426.93842
164.22421, 238.41093
164.32578, 329.6823
656.397, 241.73979
164.52716, 203.50233
164.79564, 310.41028
164.79564, 310.41028
656.397, 241.73979
656.0267, 120.58744
656.0108, 587.53876
877.93774, 560.9669
656.0108, 587.53876
165.82951, 505.3005
655.54626, 319.06888
655.54626, 319.06888
166.08112, 397.7972
761.16223, 270.45538
166.17093, 256.60196
655.2717, 312.78464
166.54312, 216.17566
167.33276, 264.4253
655.1994, 576.47186
167.43837, 125.48815
655.1919, 258.35724
655.1705, 202.42024
655.1474, 613.1684
876.3093, 304.4444
655.093, 300.63422
654.5651, 647.88855
168.32156, 652.0578
168.32156, 652.0578
168.90724, 578.4929
654.19244, 196.28677
654.03546, 292.38068
169.06445, 646.9214
169.23756, 499.1071
169.23756, 499.1071
169.30925, 624.51404
169.32697, 261.36874
761.1679, 61.4983
169.54991, 398.9247
653.9886, 383.29758
169.62099, 358.8628
653.54663, 349.01056
169.8809, 573.4762
170.17406, 321.1055
170.17406, 321.1055
170.36919, 382.52844
170.36919, 382.52844
875.6202, 213.31529
170.48265, 538.5334
170.49455, 236.0033
653.4253, 419.9199
875.04126, 307.81555
653.41705, 510.05295
171.03825, 37.11808
874.44934, 85.020065
171.11713, 171.03581
653.0564, 580.1164
171.35678, 212.10222
653.00055, 358.05865
761.62854, 264.60397
652.77045, 149.64688
652.60065, 174.91196
652.40106, 592.4951
652.3771, 466.62698
172.354, 401.41388
172.45769, 452.33826
172.57501, 70.77725
652.1346, 211.83313
652.1346, 211.83313
172.77402, 264.55225
873.8041, 54.102974
873.5539, 209.33235
172.92714, 232.75943
173.01372, 93.71742
173.03972, 78.92115
873.5189, 530.5265
652.1329, 437.65057
873.46783, 291.87787
651.9394, 385.63605
651.79645, 78.32432
651.68463, 565.3378
761.8512, 382.28873
651.41455, 367.59222
174.1208, 170.10274
174.33276, 64.80686
174.55495, 176.69853
175.03104, 539.4734
175.43803, 226.1158
650.8825, 18.038456
175.55986, 498.41632
175.60985, 671.3346
175.84619, 68.518425
650.3205, 9.691601
761.95215, 31.611515
176.15225, 383.38712
872.9778, 191.00708
176.66515, 110.92446
176.77957, 74.23313
762.0462, 462.64642
649.61664, 514.4312
177.42485, 273.96768
762.1911, 115.50181
177.4741, 647.409
177.4942, 338.2532
648.856, 421.79556
648.84607, 550.95
871.6633, 615.3176
178.2319, 236.0171
178.25264, 5.371801
178.2818, 177.86932
648.74896, 37.45304
178.34282, 114.35952
178.35207, 188.9842
648.74896, 37.45304
178.47975, 121.29611
648.3474, 143.0947
178.78242, 660.39136
762.49664, 206.7227
178.95728, 64.97471
178.99782, 247.4452
179.28839, 371.8468
179.28839, 371.8468
762.49664, 206.7227
871.3957, 82.79335
179.46188, 573.36017
179.54482, 396.76514
179.70448, 61.377064
179.75479, 87.06021
179.91287, 186.00183
179.94073, 265.53354
180.08478, 618.6149
180.28455, 311.99905
871.04913, 206.3697
180.64175, 161.0739
647.5884, 518.5103
647.54254, 70.098495
870.96924, 298.1572
181.02707, 120.1634
181.02707, 120.1634
647.04443, 152.87923
181.34851, 445.01895
181.35469, 293.31784
181.41907, 324.92407
181.51636, 275.59567
646.7915, 355.06442
181.52072, 46.736145
870.70746, 510.2393
181.67538, 289.07294
646.7915, 355.06442
762.9133, 274.5952
182.06075, 400.61874
182.07234, 252.67773
646.589, 589.84875
182.23213, 369.4936
645.96606, 645.72363
870.4143, 451.11987
182.41792, 529.788
182.49228, 137.3937
182.49228, 137.3937
182.59985, 374.956
182.87321, 381.9179
182.94075, 60.84743
645.96606, 645.72363
183.15703, 179.57906
183.15703, 179.57906
183.4744, 74.736374
183.57077, 125.62543
183.61653, 140.9169
183.63644, 393.21622
183.64655, 240.77196
183.67886, 177.12114
645.4658, 34.765644
183.88002, 218.14159
762.9362, 292.42255
645.4153, 468.4365
645.3596, 241.62772
763.0235, 253.09467
184.50108, 236.3875
184.80731, 647.4393
869.40186, 25.011105
184.95766, 536.08936
185.04794, 398.7052
763.0365, 495.2013
185.16994, 165.2331
185.68188, 368.39948
185.79817, 5.1567526
186.04999, 424.03986
186.13933, 38.14652
186.18925, 384.2706
644.7172, 93.92393
186.42049, 570.834
186.42525, 370.6616
186.472, 114.56633
186.56438, 324.61407
186.59253, 557.4936
186.86969, 7.882978
644.5486, 521.49475
187.0124, 56.69306
187.04066, 179.95198
763.33057, 405.54092
187.2641, 110.62106
187.39806, 441.27756
187.40453, 191.01169
187.49641, 174.9866
187.68169, 347.62604
644.12054, 37.85678
187.8889, 626.0434
643.6824, 142.91199
188.34155, 532.91693
188.36382, 602.39813
188.99821, 235.97035
643.45984, 155.66061
189.11978, 139.23402
189.1352, 351.40005
867.1648, 497.9543
643.4055, 177.81815
866.51294, 308.05887
866.46106, 46.905453
866.46106, 46.905453
189.42664, 133.88829
189.51712, 438.6103
643.28687, 96.49049
189.75047, 223.41626
764.092, 623.8171
189.84175, 367.10577
189.85579, 187.12909
866.30994, 36.391438
189.90596, 249.0168
190.0534, 105.14074
866.30994, 36.391438
190.48375, 647.4203
642.8721, 236.23201
190.58139, 114.40715
190.61615, 577.96857
866.0465, 514.6083
190.69359, 43.025955
866.0153, 619.465
866.014, 403.85843
866.014, 403.85843
190.96736, 253.70573
190.97624, 243.59995
191.01886, 64.19208
191.03609, 51.915783
191.03609, 51.915783
191.04713, 448.48193
191.7873, 442.38055
191.81586, 625.81714
191.95338, 572.9199
764.6591, 36.542286
192.05423, 372.5563
642.07916, 99.671906
192.15063, 584.68536
192.17857, 551.0518
641.99176, 466.95767
641.33826, 350.1102
192.19778, 56.735107
641.32086, 587.69006
641.32086, 587.69006
865.4807, 452.0285
640.91345, 124.78148
640.8655, 217.2164
865.4807, 452.0285
193.13112, 291.1073
193.18217, 267.7464
193.18217, 267.7464
640.8149, 322.33313
640.8149, 322.33313
193.5366, 135.36101
193.5366, 135.36101
193.57869, 31.465279
193.61697, 184.56548
193.82703, 397.44543
193.82703, 397.44543
639.7633, 587.3183
193.95984, 109.93956
194.25543, 473.1942
194.56223, 652.6008
194.85161, 148.4028
639.6999, 65.80867
764.95856, 57.326653
195.10988, 100.9946
195.10988, 100.9946
639.4338, 442.89618
764.97766, 502.0306
865.016, 325.4568
864.85016, 115.40952
195.74934, 55.932755
639.2737, 394.4022
639.2737, 394.4022
639.1932, 128.78865
639.14484, 636.20807
864.60114, 526.2346
639.00964, 491.38528
864.22955, 116.21574
196.42421, 297.47192
765.2954, 241.5262
196.82785, 247.92653
765.3922, 145.16267
765.3922, 145.16267
197.0158, 158.18489
197.17273, 210.87286
197.17273, 210.87286
197.30655, 203.14241
197.48477, 312.79437
197.48477, 312.79437
197.52838, 187.68358
197.54622, 145.38374
197.6079, 196.21274
765.5806, 422.41733
198.08012, 300.67548
638.7556, 161.31268
198.11687, 253.24467
198.16333, 565.43945
198.47516, 256.99023
198.47516, 256.99023
198.64917, 179.10187
638.4685, 264.0323
638.28754, 347.9526
199.21422, 471.52637
199.35449, 138.17645
199.41821, 56.652374
864.0859, 203.41556
199.54495, 111.177704
765.5806, 422.41733
200.32501, 309.6738
200.36346, 214.45447
637.75226, 413.0754
200.47208, 48.65485
637.59753, 578.46497
637.59753, 578.46497
637.59753, 578.46497
200.74222, 500.9311
200.94855, 266.13464
637.5174, 380.84634
201.12207, 312.27478
863.5976, 26.54467
637.2851, 397.4351
201.33583, 227.90756
863.5053, 36.861633
637.2086, 297.12152
201.5884, 452.75336
201.65414, 415.61505
201.68597, 109.102165
637.0178, 496.68906
636.94653, 562.1835
201.92992, 143.68777
201.92992, 143.68777
636.6905, 447.5321
636.51636, 171.19803
765.66925, 587.0291
765.6865, 247.38074
202.5412, 30.79757
636.357, 292.46518
202.68735, 161.8541
863.29865, 159.12712
636.2651, 552.1335
202.97748, 83.59282
203.02756, 372.27466
203.20485, 495.79153
203.20485, 495.79153
203.24593, 466.6447
636.13947, 383.4734
862.64813, 151.79454
636.0855, 266.3362
203.50642, 191.67706
635.781, 549.73157
203.87898, 322.5703
635.67126, 153.02007
635.5228, 132.01385
204.05693, 302.33588
204.05693, 302.33588
765.6865, 247.38074
204.11876, 625.81433
635.2076, 437.76865
204.31714, 252.6026
204.34981, 310.42908
635.0269, 39.903336
204.50525, 239.07585
765.89343, 175.62491
204.82568, 165.06264
634.61066, 598.3761
205.00116, 585.1235
205.00116, 585.1235
205.28992, 574.75665
205.29652, 32.966717
205.32935, 650.452
205.44984, 413.49664
205.45003, 514.50336
205.7372, 382.5511
766.4742, 557.0442
634.3571, 584.0738
205.80852, 170.2183
205.8429, 448.8794
205.8429, 448.8794
634.12994, 374.00183
206.08539, 12.364937
206.1271, 3.7769547
206.1271, 3.7769547
206.15617, 416.9861
206.18184, 243.32465
633.4281, 445.82843
633.3935, 607.36035
632.8574, 262.66098
632.5153, 495.6039
207.4254, 347.58704
632.51355, 322.4283
632.36426, 67.85074
207.60367, 521.22833
207.62581, 473.3689
766.6369, 60.924797
632.3156, 492.56003
208.03969, 453.7053
860.21075, 451.11874
631.92065, 465.86795
859.9152, 510.65594
631.4312, 409.88034
208.37569, 268.7593
208.38437, 205.22798
859.9152, 510.65594
767.21436, 402.58707
208.94453, 172.83669
767.21436, 402.58707
631.1233, 397.65326
209.3273, 553.6506
631.1233, 397.65326
630.94696, 432.9167
630.80066, 265.07874
209.65085, 285.54935
858.628, 324.62286
209.91829, 23.141754
210.01186, 575.0405
858.617, 503.17938
210.18338, 3.1866138
210.23807, 231.81633
630.5725, 392.6564
630.5109, 37.1965
630.33484, 577.04834
210.67085, 345.307
210.8897, 19.102566
210.8897, 19.102566
211.05081, 181.0816
211.13809, 62.402264
211.24464, 10.471689
630.2265, 293.06155
630.0833, 326.38074
211.61934, 451.76892
630.03955, 208.78407
211.88414, 577.43933
211.88414, 577.43933
211.91197, 610.0717
630.0018, 427.65686
630.0018, 427.65686
629.86127, 121.303825
767.47455, 255.02461
629.5364, 209.05798
629.5103, 128.63182
629.5057, 182.39531
629.4213, 125.17586
767.47455, 255.02461
628.5677, 132.34131
628.5071, 173.3836
628.05054, 70.566345
213.30275, 471.52927
213.36041, 267.8302
213.37125, 210.23972
858.34375, 237.83643
627.9586, 463.31094
213.60118, 291.51086
213.61464, 97.203804
213.61726, 554.76605
213.63698, 283.2881
213.641, 477.6184
213.66002, 26.0113
627.91907, 593.2847
214.42302, 200.49791
214.42302, 200.49791
214.42484, 221.74335
214.47498, 655.27905
214.47498, 655.27905
627.91907, 593.2847
214.52628, 111.057976
214.84964, 181.03798
214.96687, 574.95215
215.10262, 143.06708
215.24913, 59.943665
215.26917, 138.66437
215.40297, 219.43996
215.72089, 502.66162
215.82285, 585.1492
215.86214, 204.80072
767.49805, 142.11348
626.8527, 606.78534
626.7242, 177.82437
216.33821, 16.878391
626.6007, 413.13116
216.45897, 164.59842
216.80576, 581.7386
216.92558, 373.55374
626.2629, 459.1511
217.12657, 56.398514
217.21886, 337.58957
767.5043, 407.57205
625.698, 6.2291527
625.666, 321.81888
217.7989, 330.32352
217.84494, 328.24335
217.92258, 194.05673
217.92258, 194.05673
217.9724, 534.06946
625.30096, 597.6604
625.0816, 631.0203
625.071, 64.82061
624.9321, 260.88327
624.52423, 522.2916
624.4496, 140.54012
767.67694, 639.43677
218.55112, 135.78366
218.81238, 87.865074
218.9076, 600.64557
624.1675, 467.52408
624.1253, 92.95497
767.6999, 277.42188
623.9055, 8.984924
219.31862, 537.92944
219.77713, 451.88757
219.7966, 110.52345
622.8491, 602.261
622.80133, 265.15344
220.39703, 343.08865
622.7734, 172.9609
622.6701, 602.3173
221.16899, 166.34828
221.17773, 435.96362
221.2121, 59.84188
221.35999, 488.2043
622.08545, 202.98216
622.08545, 202.98216
622.0072, 144.03014
621.9867, 254.50623
221.8041, 565.5282
768.1947, 184.59203
857.0922, 203.40024
221.91269, 319.9798
221.92754, 223.35237
221.93063, 475.55307
222.00069, 584.4506
222.07596, 609.72815
222.19016, 295.48364
768.1947, 184.59203
856.9384, 265.35385
222.38655, 567.4437
768.3319, 621.03485
621.66925, 116.476585
768.3382, 250.2436
223.08109, 220.30733
223.37062, 650.8833
223.39291, 637.92035
223.68982, 64.06875
223.90329, 172.67363
223.92863, 127.068
223.94757, 522.55865
224.04665, 466.62015
224.42726, 342.92767
224.42726, 342.92767
621.26324, 35.612724
224.61017, 439.33557
224.78612, 55.74568
768.619, 581.0191
225.08893, 84.062675
621.06555, 326.57755
620.65265, 633.3765
226.11935, 164.96149
620.5586, 60.176003
226.40991, 402.5725
226.4443, 138.47447
619.9987, 38.003597
619.7061, 5.4476147
227.34279, 290.99445
619.5048, 579.3354
227.55617, 134.87982
619.4959, 296.70572
619.49506, 109.04702
619.41144, 287.05737
228.39885, 37.00892
619.35803, 206.29639
769.00684, 499.6376
228.55757, 631.21124
228.95726, 179.02286
229.10765, 111.525925
229.51878, 286.18494
619.1634, 475.0778
769.00684, 499.6376
618.99884, 537.1269
230.2821, 490.9495
618.92554, 469.24686
769.0287, 236.09654
230.45192, 517.09485
618.45807, 122.98912
618.08167, 258.98273
769.25525, 355.98877
617.9433, 171.59303
231.46014, 401.99634
617.91943, 531.34546
231.54016, 114.95001
231.57574, 650.09546
617.91, 64.1824
617.91, 64.1824
231.92001, 291.15298
231.98912, 216.56908
232.0388, 527.6151
232.04646, 208.62769
769.3764, 560.5382
232.10716, 450.48996
232.14099, 627.4546
232.14099, 627.4546
853.21545, 493.2539
232.36803, 462.22714
232.38716, 125.004395
617.6002, 92.07018
853.12933, 206.10205
232.611, 130.64697
232.9284, 438.34103
232.96819, 88.108665
233.0955, 186.77011
233.18713, 82.37351
233.29698, 423.12543
617.4827, 576.2497
233.62471, 204.3642
233.77576, 475.86902
853.0551, 587.5286
234.02913, 166.02129
234.08044, 219.59831
852.5711, 432.94516
852.5711, 432.94516
234.97308, 318.99258
235.22577, 254.55345
235.3092, 245.31505
617.2711, 292.07663
235.48386, 209.85614
235.48386, 209.85614
852.12634, 321.30035
235.58435, 163.3469
617.2711, 292.07663
769.8097, 527.6474
235.97813, 46.5259
236.10535, 216.57841
236.27577, 532.97516
236.29707, 101.63393
236.42603, 356.01642
616.8156, 472.70853
236.45859, 455.63846
236.67245, 310.95816
236.82991, 189.89555
237.12297, 90.708115
616.4621, 71.175735
237.28868, 399.1029
237.43056, 197.40335
237.61333, 526.6185
237.70772, 157.7335
851.92426, 203.37027
237.77908, 630.97107
769.9889, 401.0751
238.32635, 303.50598
851.91455, 503.0958
238.35901, 590.2879
238.48262, 194.59258
238.62726, 655.74915
238.7644, 403.48718
238.8946, 627.08405
239.0685, 460.49524
239.0685, 460.49524
239.09352, 256.7221
239.12997, 240.99367
851.65814, 352.1714
239.3732, 28.886215
239.42299, 247.90971
239.61328, 652.5044
239.83319, 476.31537
239.83319, 476.31537
240.48439, 422.1964
616.2082, 489.2791
616.2059, 84.21045
241.22098, 191.97762
241.29245, 274.4162
241.32367, 154.05692
241.33305, 634.49493
241.90088, 587.29297
241.90088, 587.29297
241.93657, 172.77173
242.17241, 447.58102
242.24571, 358.38568
242.45134, 87.596825
615.98553, 463.5903
851.06415, 436.62216
242.79344, 602.0468
615.9372, 605.43463
851.06415, 436.62216
851.0218, 30.707457
850.9289, 235.51543
243.1917, 551.41547
243.22859, 184.02011
243.33955, 248.0032
243.37714, 166.16173
243.37714, 166.16173
243.5788, 288.5135
243.66745, 583.3173
850.30634, 449.55164
243.9598, 272.0543
615.7086, 650.67053
615.10376, 467.56207
244.10197, 286.50812
615.0997, 266.29572
244.33092, 94.355125
614.7728, 318.109
614.634, 446.22812
244.4225, 141.52164
244.45988, 190.56422
244.52014, 314.56204
244.59406, 636.8043
849.93115, 60.655655
244.98952, 631.17773
245.146, 181.37408
614.47125, 379.08954
614.2713, 179.21982
245.59425, 419.5812
245.82071, 138.44792
245.9114, 218.13602
245.9114, 218.13602
246.22809, 82.56094
849.6551, 21.65075
246.2489, 344.70233
246.57487, 354.7688
246.59238, 399.12747
246.65158, 355.27408
614.2713, 179.21982
614.1872, 130.84106
849.4489, 298.84793
614.185, 235.82985
614.185, 235.82985
247.46684, 318.652
849.4489, 298.84793
247.69019, 349.9074
247.92996, 242.8762
248.07329, 214.68031
248.13565, 249.9758
248.41997, 403.16495
248.47003, 626.0599
849.34344, 78.44769
614.06915, 7.5181165
614.0007, 408.62888
613.9287, 596.418
848.9995, 24.951744
613.9228, 169.7309
249.00375, 477.58218
249.35878, 193.02376
249.35878, 193.02376
249.35878, 193.02376
613.5766, 270.02307
613.56696, 328.4604
613.56696, 328.4604
613.47894, 515.14703
249.91606, 107.80217
613.0885, 415.84064
250.38116, 260.43985
612.98425, 432.0298
250.66592, 247.51129
612.8898, 308.16772
250.67743, 155.32306
612.88464, 309.6106
612.7225, 243.8944
251.29274, 127.77725
251.29274, 127.77725
251.47594, 290.96854
251.53658, 285.6476
612.59283, 77.73036
612.5538, 89.22978
251.7049, 239.24536
251.88087, 374.06744
612.1216, 349.35764
252.18588, 30.992077
252.24031, 210.61427
612.0805, 121.99045
252.38548, 451.60117
848.35785, 496.93042
252.55182, 137.66724
252.56934, 473.42654
252.78047, 4.125322
611.6817, 375.03464
253.13268, 455.7259
611.6817, 375.03464
253.38698, 628.4188
253.38698, 628.4188
253.41502, 54.862846
253.6814, 163.71794
253.6814, 163.71794
253.81183, 82.799904
253.85506, 163.79576
253.85506, 163.79576
253.90562, 347.45212
253.92592, 376.6222
254.01405, 343.67053
254.08794, 125.03823
611.5348, 412.31155
770.29346, 473.75037
611.27814, 352.2257
611.20026, 462.1519
611.12115, 528.986
254.69328, 397.996
254.69328, 397.996
254.83223, 266.96677
610.5566, 288.7974
255.53868, 107.48111
848.1379, 140.10468
848.0931, 205.73468
256.05948, 139.31142
256.1753, 420.88187
610.25183, 117.22821
610.25183, 117.22821
256.3825, 498.9501
256.41022, 275.91428
610.2201, 639.41626
256.77774, 456.0941
256.85828, 554.0432
256.85828, 554.0432
257.2612, 239.61935
257.30307, 554.2916
257.37494, 192.2746
257.37494, 192.2746
609.95264, 377.05127
257.8875, 127.18445
257.8875, 127.18445
847.56726, 72.361115
847.56726, 72.361115
847.5144, 363.26447
609.51654, 13.290273
609.4786, 419.13773
258.65433, 307.56473
258.6738, 442.47748
770.59174, 43.195362
258.72208, 243.47697
258.94614, 379.81708
609.4383, 61.314342
259.04453, 497.31467
259.12442, 292.3828
259.15274, 28.775278
259.22552, 276.41806
259.32742, 57.424152
608.8978, 369.9656
259.82095, 480.37756
847.041, 372.4495
260.0962, 429.08127
260.2733, 172.73628
260.49777, 52.892006
260.5361, 125.28319
260.79486, 577.1529
260.85596, 597.4537
608.649, 125.59005
847.0384, 144.93556
261.53232, 223.81511
261.67618, 583.06885
261.81323, 476.0979
608.5917, 235.41568
261.90717, 202.42484
261.90717, 202.42484
608.37177, 7.397685
262.25397, 400.25046
770.6608, 211.98961
608.27704, 64.356445
608.27704, 64.356445
262.5596, 489.0607
262.5596, 489.0607
262.57178, 151.72311
262.94962, 240.14322
770.95996, 264.74988
263.0449, 574.38275
263.53162, 452.7865
846.85974, 28.488468
846.85974, 28.488468
608.15924, 353.28757
263.8398, 422.05246
607.9766, 549.8821
607.7689, 39.563377
607.7689, 39.563377
264.05392, 206.4321
846.5447, 499.90143
771.1142, 57.009476
607.39185, 292.42908
607.39185, 292.42908
264.3991, 48.86799
264.532, 500.08582
264.532, 500.08582
264.6286, 657.9511
264.654, 414.1709
264.72345, 587.0524
607.0914, 121.56237
265.22226, 121.58193
265.3577, 501.98163
846.0171, 609.1173
265.65207, 166.30981
606.78265, 377.295
606.69727, 329.28372
266.1291, 324.10617
266.16397, 194.01219
845.83765, 124.12796
771.2473, 577.8217
266.58105, 190.87125
266.58954, 244.8826
266.66293, 399.99954
606.3473, 16.449802
266.97678, 583.2724
267.01303, 582.66943
267.02835, 461.46658
267.09674, 555.387
606.3335, 494.7735
267.28278, 332.837
267.30032, 559.81177
267.37524, 212.3978
606.3335, 494.7735
267.9175, 459.92422
268.01657, 403.5881
845.4948, 316.95734
606.11694, 28.813148
268.65042, 252.0451
606.07477, 317.16074
606.0325, 114.23487
606.0325, 114.23487
605.99945, 372.3674
605.99335, 641.2841
845.2992, 259.27725
605.9573, 67.12216
269.6029, 658.7783
269.71378, 144.0242
845.16595, 417.45428
605.9293, 637.5199
771.34686, 270.25943
270.10577, 379.8151
270.6553, 148.93689
605.5767, 124.91622
270.93768, 30.590334
605.201, 437.1061
604.44684, 465.0761
771.45557, 84.01799
271.7674, 107.10034
844.41113, 295.10168
603.80634, 382.13358
844.41113, 295.10168
272.34106, 51.19101
272.55948, 373.833
272.76782, 422.95477
273.04407, 170.5554
844.28296, 456.00397
273.1197, 475.33496
273.2769, 187.5204
603.57294, 379.53503
273.4995, 225.56947
273.53012, 143.76633
603.57294, 379.53503
771.57697, 279.41953
771.57697, 279.41953
273.89087, 106.580956
603.2434, 146.29048
274.23856, 390.04828
603.1482, 575.3279
274.31943, 209.78244
274.41092, 469.9594
274.50046, 219.45901
274.50046, 219.45901
602.89636, 291.8831
274.63297, 582.2415
274.7867, 211.34218
602.8362, 26.357973
844.17725, 132.9195
602.8164, 284.29907
844.17725, 132.9195
275.07898, 385.05295
275.07898, 385.05295
602.67883, 39.36513
602.67883, 39.36513
275.41318, 153.12062
844.06354, 475.20566
844.06354, 475.20566
275.76108, 263.69528
602.3904, 31.245134
276.1052, 182.46458
843.6911, 348.53336
602.34644, 491.3022
602.28625, 237.25798
276.43317, 570.4402
276.467, 589.51715
276.4681, 197.6437
276.82068, 32.048252
276.91733, 127.44679
771.5875, 642.8857
277.69797, 659.81494
277.89697, 163.45622
277.94867, 420.20328
277.94867, 420.20328
278.07208, 516.70526
601.9926, 158.1388
278.33823, 423.98172
278.39682, 387.9291
843.5346, 59.820217
278.42538, 455.16217
601.99225, 461.13916
278.88904, 190.59956
278.97266, 213.16412
843.4936, 63.077312
601.98895, 116.66276
279.09122, 304.1474
279.09122, 304.1474
843.4285, 236.97673
843.1826, 119.24922
279.65726, 370.36273
280.04715, 436.40347
843.0277, 80.00286
280.19495, 309.93982
280.19495, 309.93982
280.24966, 279.43262
601.97314, 373.7129
280.37354, 588.4642
280.37354, 588.4642
280.39532, 505.87805
280.40036, 184.87224
280.74054, 481.8565
281.1558, 172.1822
281.326, 467.8248
281.37912, 107.157135
771.619, 233.26587
281.52234, 161.77652
601.67163, 212.7372
601.61707, 34.70677
601.61707, 34.70677
601.6105, 601.1147
281.64316, 246.73639
281.9339, 22.318785
282.31586, 459.25684
600.9397, 580.2572
282.59744, 250.4834
282.9505, 320.38626
282.98682, 496.69183
600.8266, 321.4857
600.8266, 321.4857
600.8251, 264.46234
600.75024, 361.55264
600.0923, 67.450516
283.35635, 364.50827
600.0533, 604.4228
599.9912, 318.21597
599.9374, 123.41504
599.9374, 123.41504
283.58426, 345.9091
842.4147, 80.53157
599.8658, 353.76303
599.6243, 240.09703
283.96063, 75.70831
283.97748, 52.804703
283.98157, 308.94846
284.13593, 127.15488
284.3043, 214.97083
284.55533, 182.70703
284.677, 164.04088
842.37225, 545.6643
599.2928, 412.28156
599.25385, 232.68832
285.17618, 278.05606
599.09045, 53.101803
285.44775, 432.19812
285.51398, 316.97964
772.3138, 617.3647
772.4537, 173.00082
285.84348, 278.9599
598.78375, 633.29425
598.603, 292.58334
598.1893, 93.8156
841.51935, 13.950557
598.11536, 324.00247
597.9038, 456.155
597.6855, 409.9635
287.00034, 28.600393
287.01276, 346.4059
287.03326, 428.00568
287.0347, 504.24326
597.6855, 409.9635
287.14682, 319.98917
841.451, 189.67238
287.30624, 656.87714
772.49347, 523.9205
287.43292, 137.43207
772.6992, 637.2212
287.72653, 24.052553
287.72653, 24.052553
287.87924, 241.34758
287.87924, 241.34758
287.93604, 400.27908
287.98935, 286.63733
287.99478, 128.85365
841.35767, 21.710558
288.90823, 432.0652
288.96368, 281.17734
288.9662, 478.98502
289.44946, 196.33076
289.44946, 196.33076
290.41925, 310.00928
290.41925, 310.00928
290.4234, 460.44266
290.66046, 400.7731
597.0051, 115.64346
290.6707, 292.3234
841.3281, 246.11397
290.8184, 165.01471
596.9959, 26.82109
291.00824, 476.14612
291.00824, 476.14612
291.0493, 191.27032
291.46832, 426.0628
291.77536, 128.19536
841.27716, 619.90576
596.094, 236.71559
841.12463, 258.7976
595.7286, 550.00287
841.0786, 453.51624
292.3364, 481.7334
292.3364, 481.7334
292.40726, 442.08975
292.40726, 442.08975
595.7286, 550.00287
292.45978, 533.80896
292.45978, 533.80896
292.47256, 29.401985
292.53708, 232.15398
292.53708, 232.15398
292.7371, 161.95251
292.74432, 110.466034
292.81918, 606.3575
773.08844, 39.39168
293.1256, 245.00087
293.23862, 144.53175
293.53674, 25.915796
293.53674, 25.915796
293.58322, 278.9233
595.02264, 33.204063
840.8608, 313.5552
594.52106, 96.11633
840.0436, 530.9455
294.49957, 400.20648
594.43536, 118.535095
594.4204, 288.71292
295.1896, 54.404854
295.25702, 466.4354
594.4204, 288.71292
295.44202, 243.03569
295.6875, 636.58136
295.7165, 457.16235
295.7559, 317.0093
296.1653, 633.5933
839.46747, 184.52464
296.34274, 506.11935
773.0999, 584.70624
594.3412, 492.21292
773.1247, 37.810726
839.0143, 145.22064
594.0462, 178.37454
297.26117, 497.6557
297.3892, 592.82965
297.42136, 268.36597
297.4357, 238.6571
297.457, 434.03656
297.76495, 454.33667
297.86575, 313.6497
298.43506, 657.4773
298.59836, 508.5508
593.94116, 107.973274
838.8009, 239.14738
593.88916, 381.98093
838.6893, 190.65608
593.85986, 574.32385
299.34387, 27.490494
838.6608, 324.19016
838.6258, 487.25507
593.7271, 239.96762
773.1247, 37.810726
773.23364, 323.08347
773.3248, 60.579506
300.64468, 401.1225
300.64468, 401.1225
300.82993, 589.49396
301.0222, 502.36957
301.0222, 502.36957
301.14285, 142.58614
837.8821, 115.528305
301.18277, 447.79163
837.7956, 262.31213
301.32224, 341.80634
593.08777, 206.3247
301.77768, 325.91806
302.6744, 332.26392
773.3689, 351.6558
302.95618, 638.64655
303.00754, 51.001762
303.41537, 318.43494
592.23804, 116.7992
592.14685, 60.017273
592.14685, 60.017273
304.23386, 83.31706
304.29175, 28.984812
304.42813, 615.6385
837.7831, 180.00381
304.5175, 428.6046
304.5361, 299.1879
591.91235, 111.31
837.5486, 586.7501
304.9446, 575.43005
304.9446, 575.43005
305.19583, 326.1373
305.29565, 295.7996
305.34525, 198.89445
837.5087, 479.29416
837.5087, 479.29416
591.6096, 405.2638
591.4402, 267.78735
305.8916, 449.82617
306.30206, 592.9021
591.29767, 244.80167
306.47046, 253.05617
307.2271, 540.21844
307.33804, 106.607635
307.41376, 651.8408
307.41376, 651.8408
591.0896, 149.52481
307.7807, 52.887432
307.78345, 224.55162
307.846, 137.6296
307.90952, 195.75673
308.10666, 461.16907
308.10666, 461.16907
836.9963, 106.93564
836.27435, 208.39145
308.23053, 270.8294
590.89667, 632.4999
308.6089, 615.2777
308.6114, 538.9954
308.7315, 321.42264
590.88116, 94.11021
590.8498, 450.54245
309.3513, 266.41592
309.46167, 240.19379
309.5644, 531.5774
590.52325, 233.93369
590.4465, 91.20655
309.9733, 638.1982
590.3816, 212.22443
590.35474, 492.9812
590.35474, 492.9812
310.14456, 31.713749
835.8688, 296.69678
310.36694, 32.0249
310.38358, 596.0194
310.38358, 596.0194
310.3949, 26.733488
310.4295, 48.398746
310.78314, 630.465
773.6081, 208.90297
590.31366, 49.366768
773.9069, 143.35606
311.39804, 178.85544
774.1187, 646.07306
311.993, 134.79411
312.17514, 582.5619
312.24985, 372.04953
312.56104, 219.26025
312.5634, 614.11597
312.6543, 23.13824
312.79358, 80.12034
590.0778, 40.89888
312.94296, 365.16394
312.95303, 654.9389
313.01022, 106.15011
835.8655, 345.3285
313.2259, 476.21143
835.8655, 345.3285
590.026, 173.88911
590.026, 173.88911
590.00586, 287.71768
313.65057, 592.31757
589.92004, 118.90292
589.8961, 55.8073
313.76578, 187.89267
313.76578, 187.89267
589.70184, 282.70242
314.05383, 527.71497
589.70184, 282.70242
589.4142, 162.8975
314.58734, 303.09808
314.81726, 587.25635
314.94592, 210.08142
589.234, 379.50433
315.15857, 127.46361
315.16595, 275.24292
315.21243, 579.04083
774.1786, 534.50037
315.4727, 407.913
588.8211, 546.99396
315.6563, 427.1183
315.6563, 427.1183
315.79126, 517.3572
774.2164, 454.99783
316.41895, 247.41565
588.3641, 245.85109
316.71622, 30.118998
316.79108, 608.9603
316.88568, 288.86374
834.6971, 631.5695
317.00763, 493.87643
317.04016, 523.9986
317.07977, 473.49966
317.1443, 196.34099
317.16132, 402.74084
587.93054, 177.94508
317.4008, 217.23314
317.40598, 507.99786
774.3167, 281.50247
317.72485, 487.0941
587.2704, 361.36453
587.19025, 306.40454
318.3259, 169.74223
318.36615, 103.413864
318.87015, 254.56822
587.0903, 406.40784
319.50058, 55.517025
319.59323, 596.95667
774.3167, 281.50247
586.41583, 57.3531
319.99396, 26.78169
319.99728, 264.8341
320.01044, 462.13086
320.19797, 517.5265
320.32343, 564.7983
320.3467, 146.43141
586.4042, 24.930544
320.4309, 295.4099
586.34955, 466.1462
834.608, 351.41202
586.051, 461.68304
321.0256, 614.4696
834.50653, 486.8862
321.07062, 274.8476
321.71155, 214.25626
321.7772, 532.70435
321.86276, 23.206789
321.8792, 428.56693
322.05865, 52.075123
322.1001, 226.21925
322.1959, 576.2357
322.3277, 136.75772
322.3277, 136.75772
585.29944, 401.03516
322.7467, 104.93083
322.75793, 162.9972
322.75793, 162.9972
322.80472, 138.29665
322.86206, 494.23526
585.2489, 93.54567
585.22675, 435.466
585.22675, 435.466
834.2904, 174.00938
323.21875, 605.0027
323.24197, 639.2994
323.28152, 457.94162
323.5446, 266.1026
323.57495, 515.2563
833.9868, 585.9826
585.21576, 265.89175
585.208, 350.6591
833.95013, 611.0071
324.2382, 613.204
324.41937, 151.66426
324.46097, 619.02374
324.58548, 630.3795
324.67905, 595.78955
585.12134, 624.5709
584.9772, 388.9255
584.94385, 293.53622
584.771, 395.8382
584.69086, 178.58267
325.2896, 55.442043
833.8575, 231.18939
325.4073, 221.39792
833.75433, 443.45493
325.60922, 672.1833
774.673, 506.61182
325.81558, 120.5145
325.8641, 262.6197
326.06982, 124.60264
774.80286, 90.52297
326.23608, 102.95317
583.8587, 210.63084
326.53757, 557.6486
326.53757, 557.6486
583.6095, 379.3094
326.86417, 73.92018
833.63776, 88.66508
326.97894, 259.3873
327.01224, 184.89185
327.206, 105.83909
327.37973, 189.11354
327.37973, 189.11354
583.47375, 191.1062
582.8714, 628.73376
327.52554, 266.41473
582.711, 157.31314
327.7807, 605.32886
327.7807, 605.32886
582.711, 157.31314
328.2119, 440.48367
328.2625, 592.0209
328.64038, 416.27545
328.77112, 77.3325
582.0173, 207.31699
581.9781, 521.66626
329.09705, 585.24133
329.211, 288.8844
774.8802, 195.71414
329.43692, 608.28876
329.54013, 262.91028
329.54013, 262.91028
329.54013, 262.91028
329.57474, 58.595207
329.57474, 58.595207
833.2289, 559.5587
581.46313, 97.76807
329.82492, 322.9774
581.14166, 319.2638
833.14923, 85.52541
833.14923, 85.52541
581.11035, 438.52457
774.9056, 153.05049
330.10568, 126.53513
330.12335, 22.037535
330.43948, 612.969
774.98474, 389.1343
580.95135, 213.86096
330.95132, 423.6826
580.6051, 267.36926
832.8751, 594.69965
580.6051, 267.36926
331.3597, 165.97281
775.4531, 255.39995
331.68082, 459.1512
331.68082, 459.1512
331.95288, 281.5684
332.06357, 499.99283
332.06357, 499.99283
580.3115, 572.6243
332.55984, 65.632545
332.73178, 530.50397
580.0385, 515.89636
333.11154, 188.43486
579.8276, 390.9035
579.7244, 454.6255
333.36237, 160.99785
579.7244, 454.6255
333.6296, 269.59744
333.71408, 135.42697
333.76538, 40.8116
832.2836, 53.55416
832.1863, 553.68024
334.43845, 422.98877
334.44846, 419.26862
334.5418, 51.60369
579.48615, 377.59747
335.31583, 263.9457
335.42566, 414.01456
579.1923, 463.08636
335.5694, 275.66345
579.1923, 463.08636
335.75824, 285.92377
775.8782, 589.52106
832.00287, 394.77087
335.9673, 387.41776
335.9673, 387.41776
336.0228, 590.2943
336.6615, 664.19666
831.76794, 591.21204
336.7145, 54.97635
336.92334, 76.31435
831.5977, 91.41854
337.06555, 104.27462
337.24084, 484.37698
337.26343, 233.63213
337.26343, 233.63213
337.58325, 257.71588
337.9727, 171.79567
831.5971, 58.352592
578.65497, 465.88025
338.4464, 595.71155
831.4793, 474.05276
831.4793, 474.05276
339.15173, 582.6
578.49713, 204.44206
339.36026, 100.110214
578.49713, 204.44206
339.58475, 26.601082
339.66956, 148.11685
339.66956, 148.11685
776.17676, 355.2002
578.12823, 381.78952
339.87082, 425.32883
340.0671, 239.62683
577.83014, 435.29367
776.2157, 501.03494
776.2157, 501.03494
341.03333, 430.89453
341.03333, 430.89453
776.6429, 87.95149
341.36588, 292.38452
341.4192, 18.980427
577.4464, 216.40623
577.198, 152.57231
776.6921, 161.59703
776.6921, 161.59703
341.83994, 31.176018
341.984, 130.63704
777.3203, 175.92352
342.0816, 421.1701
342.22668, 406.56583
342.4882, 236.85042
342.49405, 504.62082
342.56082, 381.3201
577.0144, 459.5117
342.9409, 255.14952
342.9409, 255.14952
576.9556, 28.35413
343.28873, 665.04926
830.377, 322.82248
576.87463, 5.4069247
576.76996, 367.0977
343.464, 548.4463
343.46442, 359.0372
576.7344, 254.29805
829.53406, 443.1509
343.49866, 416.98648
343.63974, 194.24518
343.9778, 134.15868
777.34717, 391.2228
576.46106, 65.72966
344.05893, 489.0665
344.1033, 319.93018
344.39798, 185.29405
829.0491, 356.59833
777.39795, 168.8272
344.81354, 23.126156
828.55853, 90.111786
345.16577, 57.18653
345.2168, 46.445038
575.8822, 230.16002
345.33044, 108.43646
575.8822, 230.16002
575.70374, 351.3941
828.55853, 90.111786
345.8485, 29.47454
345.98035, 316.7309
346.0128, 533.6151
346.0128, 533.6151
346.02988, 190.96361
575.4849, 409.28534
346.6817, 39.628914
346.6817, 39.628914
346.68228, 472.82373
346.73407, 590.9156
575.36304, 430.05728
574.9077, 463.66467
574.9077, 463.66467
574.895, 573.1612
347.14322, 615.128
347.1442, 605.24915
828.3247, 231.54854
347.46494, 351.3641
574.63654, 265.66782
574.57855, 438.93024
348.11844, 176.3072
348.11844, 176.3072
348.11844, 176.3072
574.543, 627.5118
348.2126, 664.9111
827.8408, 263.65402
348.5416, 323.57013
574.50745, 158.19685
349.33768, 483.12723
349.62164, 537.4842
349.64133, 200.684
574.4726, 599.23016
574.4698, 68.29425
349.79047, 237.61024
826.7944, 528.72107
826.74286, 466.67273
350.3952, 561.4371
350.5074, 19.012953
574.0529, 91.727264
573.8187, 71.26631
350.97754, 108.16005
351.1519, 534.4398
351.39816, 470.20358
351.48987, 430.26285
351.52963, 225.63737
351.52963, 225.63737
573.8187, 71.26631
826.7218, 258.06717
351.6718, 258.3683
351.71304, 464.4258
351.95447, 286.09128
352.0573, 356.42682
352.1075, 426.25485
352.58133, 360.2272
353.00058, 195.62836
353.04666, 85.541275
353.14462, 103.27838
353.16043, 632.47327
353.16687, 244.17722
353.2323, 342.19186
353.48828, 268.26227
573.69684, 235.36087
353.75323, 559.9767
573.254, 9.298874
354.08987, 410.53696
354.1246, 143.0915
354.28366, 662.3442
354.61353, 537.6398
572.7972, 185.0349
354.8074, 98.81231
354.85266, 161.01173
354.93784, 398.85632
355.19254, 45.65925
355.43207, 359.92526
572.5279, 354.70078
355.51297, 277.1401
355.65686, 240.89987
355.669, 12.855816
355.68246, 308.26178
355.73383, 474.04395
355.82928, 317.06787
355.8294, 212.82758
572.37537, 72.71786
777.7659, 240.3597
572.1589, 239.96466
355.96912, 161.36993
356.02737, 589.178
356.1889, 459.42752
356.48364, 217.54144
572.1545, 97.37448
571.9763, 538.7902
571.72437, 243.63258
356.9798, 567.5686
777.7659, 240.3597
777.9403, 350.94293
357.36697, 535.0114
357.78378, 562.54047
825.385, 351.36752
357.78717, 282.38608
357.83582, 103.525444
358.2804, 285.67664
358.3128, 662.2574
358.47348, 452.51367
358.4838, 371.52725
358.54846, 299.7943
358.6858, 428.43826
571.4548, 75.370125
359.01254, 54.838238
359.0719, 358.58835
571.3038, 19.61809
571.3038, 19.61809
571.1669, 37.54005
359.15277, 587.77637
825.2475, 408.1822
359.91562, 502.71817
360.40134, 280.2107
571.15247, 473.68607
360.48257, 376.70612
360.744, 560.601
360.97797, 250.33264
360.9965, 322.40707
361.1805, 231.13823
361.21854, 469.23404
361.28458, 611.65436
571.0721, 195.84267
361.38104, 205.43602
361.67233, 159.1217
361.69385, 425.1379
362.09418, 277.6083
362.34167, 262.80246
362.34467, 476.705
362.48038, 662.9761
362.98315, 51.409283
363.12585, 151.15807
363.2503, 208.4375
363.3065, 191.54071
570.7721, 210.67754
570.7234, 67.98327
570.7234, 67.98327
570.6872, 168.63495
570.6644, 307.7097
570.5972, 27.203634
363.97635, 382.39737
364.08203, 74.97456
364.08203, 74.97456
570.5091, 292.1349
570.4369, 5.5973477
364.47913, 405.26303
364.72986, 536.51154
570.1321, 399.65524
365.14984, 48.77387
365.40927, 432.8737
570.1151, 613.31024
365.5226, 421.4907
365.56635, 159.61256
365.56635, 159.61256
570.0594, 434.6972
569.29736, 205.97836
365.78973, 612.2989
365.98798, 8.390579
569.28815, 255.52678
366.12228, 78.5989
366.3669, 375.4057
366.41214, 182.27888
366.62317, 560.7137
366.63696, 368.84802
366.68582, 532.0918
824.98175, 616.5097
569.18695, 142.12509
824.9028, 399.20444
367.14078, 15.310807
569.11743, 88.522804
367.20016, 626.44836
367.21426, 605.7854
367.326, 401.84186
367.3339, 23.066782
824.41516, 88.36708
569.11743, 88.522804
367.6563, 223.0702
569.1079, 99.91447
368.9241, 619.5411
368.94388, 19.86823
369.4478, 183.88309
369.6084, 51.322956
369.86288, 48.456444
370.15332, 537.4801
569.05286, 133.52106
823.7037, 323.1236
568.7978, 239.16269
370.76642, 219.46349
370.83383, 483.39087
568.663, 167.86546
371.1276, 149.68994
823.3714, 91.545555
371.1508, 364.6143
371.16666, 308.81015
568.47314, 350.53357
371.28912, 63.15489
371.5713, 285.96835
568.33954, 296.4709
371.96402, 105.092476
372.10156, 158.40602
372.10156, 158.40602
823.3436, 175.86308
568.3273, 22.176928
372.4603, 534.42206
372.54483, 114.874725
568.2818, 83.87033
568.12646, 245.0151
373.01334, 596.83746
373.0476, 616.74414
373.63974, 216.7302
373.63974, 216.7302
567.88947, 477.03104
374.48965, 51.060806
374.49362, 282.5066
374.51013, 148.44981
777.9759, 579.9007
374.6142, 563.2141
374.72824, 428.36343
374.94098, 324.78757
375.27194, 204.97504
375.42313, 366.8803
778.16656, 138.00401
567.11487, 378.27045
375.60587, 479.92883
375.80325, 571.2443
778.7956, 525.6555
375.96173, 154.24077
375.96783, 440.9647
376.0214, 294.36563
376.11966, 235.51143
376.13428, 406.0979
376.1558, 468.37335
376.34833, 224.29248
779.0622, 373.09323
376.5383, 198.83713
376.83704, 278.35144
376.83704, 278.35144
376.83704, 278.35144
376.93665, 329.80334
376.98563, 126.44205
377.0198, 575.4058
566.95575, 412.1782
377.33365, 549.2143
377.35724, 210.55765
377.36777, 476.41058
377.41785, 414.44916
566.92017, 122.03931
566.58203, 33.22669
779.24036, 472.04947
377.6027, 219.29332
377.64398, 232.63266
565.96655, 27.337069
565.8373, 9.523268
377.82275, 401.5387
378.0768, 5.5845575
378.25256, 240.48663
565.7211, 659.5686
565.6975, 135.16457
378.536, 353.58463
565.55774, 457.69754
565.4505, 633.32367
379.23163, 364.38
379.46753, 508.76477
379.46753, 508.76477
379.55847, 398.253
379.58408, 343.90958
379.65884, 103.50933
379.661, 323.70108
379.76184, 158.49403
379.78735, 556.851
565.4223, 633.2669
565.1884, 260.01007
380.21133, 255.93962
380.21133, 255.93962
565.15326, 428.59744
380.46475, 471.50632
380.46475, 471.50632
380.51767, 347.4293
564.9694, 243.96458
380.57608, 479.8394
380.67032, 374.88516
380.69162, 612.6969
564.0883, 354.7867
564.0657, 374.4148
380.8187, 297.49506
380.8391, 110.83191
564.0657, 374.4148
381.04712, 450.966
381.3256, 360.84708
381.35165, 408.81842
381.49298, 241.43146
564.0622, 472.5725
779.41547, 497.16858
563.32697, 611.38806
382.27753, 190.98679
382.27753, 190.98679
563.3128, 292.72913
563.0648, 179.22363
563.0624, 184.22151
779.5769, 612.8533
562.71136, 179.45305
780.0996, 576.6479
382.7313, 464.51736
382.7815, 415.3974
382.85446, 401.45078
382.9006, 583.1617
383.17712, 445.88116
383.26978, 533.3139
383.26978, 533.3139
562.5853, 15.747875
383.3689, 366.54037
383.51678, 295.09164
383.57974, 70.82595
562.56714, 322.702
383.76248, 573.39453
562.3953, 122.904106
383.8134, 643.1184
820.935, 234.91965
384.0283, 19.04704
562.3147, 656.7948
384.26953, 588.42163
384.38416, 592.1568
384.4731, 639.039
384.62073, 617.29474
820.83264, 117.016495
820.75287, 567.0336
562.1063, 381.07083
385.24234, 651.2065
562.09766, 598.79
385.49747, 561.9636
562.08167, 463.3442
385.93506, 663.5968
386.01004, 49.70245
820.7368, 215.70721
386.0419, 117.55888
386.0419, 117.55888
386.1166, 187.00124
386.15967, 436.11285
386.2711, 179.90639
561.94415, 408.93814
386.466, 571.05896
386.5145, 266.44498
386.63943, 646.3309
386.65747, 261.7356
386.78418, 581.3181
386.87476, 353.42105
386.87476, 353.42105
387.16434, 15.192545
820.7368, 215.70721
387.5276, 77.437744
387.5276, 77.437744
387.63083, 126.36342
561.6726, 531.0891
820.6447, 212.935
388.22937, 358.75278
388.28143, 401.8078
388.30887, 592.1324
388.52676, 29.823364
388.5466, 536.5256
388.66217, 160.01643
388.66217, 160.01643
388.8067, 613.0769
388.82407, 294.19247
561.28687, 37.440296
389.35095, 21.370417
389.40683, 75.25733
389.40683, 75.25733
389.58453, 172.41245
389.76096, 391.10187
389.8344, 341.45706
389.90387, 280.4485
389.90387, 280.4485
780.16406, 270.9633
390.18124, 105.3786
390.27393, 275.16327
390.31323, 121.00921
390.44595, 45.41454
390.94604, 477.19656
780.2764, 141.7377
781.1444, 207.2323
820.3324, 529.0327
391.12262, 356.61615
781.1444, 207.2323
559.8293, 131.58725
391.59827, 299.0062
391.7975, 19.014204
559.7334, 473.72195
781.1798, 346.9251
392.17157, 34.449406
392.2705, 468.87082
559.51355, 517.2212
819.98413, 104.539925
392.66653, 422.74448
392.73672, 131.43018
392.81125, 387.42227
392.89554, 152.97395
393.0195, 24.095783
393.03995, 401.74286
393.36752, 575.01855
393.46933, 383.41248
393.6413, 73.56108
393.67163, 661.8527
781.2465, 116.139534
558.99945, 376.91217
393.75424, 271.05865
393.80017, 204.34033
558.9551, 433.85495
393.9457, 539.44293
558.9551, 433.85495
394.06763, 650.5797
394.18307, 101.95565
394.18307, 101.95565
558.8735, 627.3752
394.46048, 236.72966
558.7649, 237.3736
781.3881, 177.89206
394.65155, 90.79558
394.73825, 322.43384
394.73825, 322.43384
394.73825, 322.43384
394.75098, 246.80179
558.6174, 71.30842
394.784, 354.14783
819.57495, 468.0893
558.6174, 71.30842
395.49643, 242.84174
395.49643, 242.84174
558.5284, 11.692203
396.05014, 47.75918
396.05176, 77.676
396.05176, 77.676
396.34412, 648.8677
781.4656, 353.81744
396.49734, 98.08945
558.13495, 489.03152
396.75403, 536.11426
818.94446, 334.51062
396.97507, 461.89917
397.35455, 324.00308
397.35455, 324.00308
397.4156, 425.1682
397.41635, 155.8401
781.4656, 353.81744
397.51135, 135.06058
397.53864, 467.89838
397.58612, 643.03107
397.6964, 94.38027
397.6964, 94.38027
397.6964, 94.38027
397.70535, 613.2276
397.70535, 613.2276
397.7263, 410.06268
397.94415, 483.73917
781.7599, 360.84
398.1846, 571.8183
398.2327, 174.23221
398.4036, 201.22461
398.48328, 127.38547
398.52216, 286.08606
398.52216, 286.08606
818.9025, 260.12756
398.73022, 387.7157
398.78534, 107.800934
781.9387, 175.78343
398.88687, 515.9897
557.62103, 159.66118
398.99124, 340.82172
399.00024, 422.5835
399.1169, 403.16226
399.1169, 403.16226
399.15045, 190.84352
399.16495, 666.74634
399.16495, 666.74634
818.4557, 90.28392
557.54877, 123.87441
399.37628, 533.55115
399.37628, 533.55115
399.54727, 103.03284
399.70163, 213.79446
399.94998, 152.45944
399.95612, 299.5751
399.95612, 299.5751
400.02847, 254.10495
557.546, 140.32549
400.3463, 19.937006
400.4369, 170.10092
400.6348, 381.25882
400.7026, 112.022064
557.3934, 630.6224
400.72946, 647.5452
400.77924, 620.5921
817.83575, 240.1841
556.7642, 174.29903
556.63586, 214.39844
782.66455, 494.2598
817.41766, 164.82413
556.49274, 482.36942
401.56406, 262.65442
401.78183, 449.27512
402.051, 488.04074
402.22217, 538.8191
402.23654, 211.0877
782.93097, 254.13893
556.3319, 182.839
402.29733, 249.95354
402.3631, 566.933
402.39096, 525.0758
402.4942, 393.225
402.5558, 274.9005
402.68152, 477.90738
403.0076, 140.38419
403.0428, 31.794333
403.0999, 533.8382
556.17316, 517.1476
403.41806, 318.41714
403.5018, 286.29987
403.5192, 130.71645
403.58432, 324.1754
556.1423, 38.15796
556.1423, 38.15796
817.337, 30.552973
817.16486, 387.8409
403.97086, 108.705345
404.27075, 197.05945
404.30548, 61.338787
404.3556, 634.9753
555.98694, 92.99056
404.4012, 485.40167
404.52625, 541.64954
404.9216, 513.58215
405.11758, 263.80887
405.70395, 240.4595
405.70395, 240.4595
555.4023, 461.1313
405.92963, 280.22314
555.2526, 153.9757
406.02216, 203.5312
406.21796, 147.17494
406.221, 73.270134
406.71967, 210.33467
406.71967, 210.33467
406.71967, 210.33467
406.79108, 275.14578
406.89142, 355.51892
553.7952, 187.09523
407.00797, 184.01234
407.0115, 626.28076
407.2402, 315.03662
553.7551, 259.32846
407.52914, 637.48126
816.9462, 323.31152
407.81482, 510.3855
407.8498, 484.339
407.9445, 111.48055
553.50336, 610.30756
816.75684, 167.52919
783.375, 118.48239
408.2795, 563.25507
783.3922, 61.288403
409.07428, 272.2254
409.11206, 584.85614
409.2266, 310.69693
409.45233, 192.42137
409.48984, 103.758606
409.5211, 531.517
409.77405, 77.866
409.77405, 77.866
783.3922, 61.288403
410.06744, 487.9758
410.09308, 307.4099
410.1295, 480.83707
410.39044, 215.33934
783.58624, 638.5306
410.5593, 432.4046
410.5593, 432.4046
410.5593, 432.4046
410.69696, 612.604
411.05142, 119.87932
553.0483, 9.675185
411.2386, 46.971737
411.2386, 46.971737
411.46832, 348.25827
816.5845, 331.11252
411.6247, 574.55347
411.63455, 75.172195
411.85355, 266.38882
412.03323, 200.44055
412.31665, 174.69424
412.35217, 134.28276
412.51117, 80.73218
552.9568, 275.311
815.98206, 555.7948
412.61838, 388.5828
552.90717, 381.148
783.58624, 638.5306
413.21698, 512.20044
413.35406, 117.49212
815.80096, 27.734188
413.519, 544.78015
552.70605, 38.644283
552.6425, 142.47276
552.615, 520.4745
413.9301, 647.9326
413.9301, 647.9326
552.2476, 93.003456
414.20093, 361.10474
414.3116, 353.14206
414.33603, 376.16257
414.58966, 563.1581
414.63733, 317.2214
414.82013, 323.71155
415.1392, 170.672
551.92285, 462.98666
551.51105, 292.53217
415.50833, 571.9765
415.52856, 303.30206
415.85596, 320.86227
415.8971, 175.96953
416.58737, 575.7921
417.35873, 294.74448
417.52402, 230.51707
815.5824, 85.629715
417.63513, 501.46207
417.63763, 309.2949
815.4851, 164.4265
417.7682, 615.6042
550.4275, 148.61688
550.2377, 139.30493
417.84763, 592.1405
550.1535, 352.60776
549.9275, 263.95218
549.9275, 263.95218
418.0114, 449.22015
418.0114, 449.22015
549.72125, 610.7558
418.124, 539.67365
418.43442, 234.75078
418.83685, 579.4655
419.02295, 535.4737
419.27237, 242.51764
419.3651, 113.0946
783.9481, 389.8227
549.417, 460.28442
420.07098, 125.31788
420.33514, 76.85006
420.41943, 307.85498
420.48782, 289.9674
549.35114, 223.07393
420.69983, 404.52213
420.69983, 404.52213
420.72427, 575.0393
420.72772, 256.04697
420.764, 432.39365
421.09412, 270.54218
548.8382, 125.84673
421.32632, 304.2168
783.956, 204.55879
784.192, 589.2455
814.60095, 537.1529
421.89578, 130.58162
814.60095, 537.1529
422.1082, 503.1054
422.1457, 240.40125
422.15216, 161.19939
548.55133, 329.87988
548.35583, 228.06616
422.40417, 644.2934
422.4112, 563.0141
422.47797, 425.24423
548.006, 264.82376
814.3217, 642.3153
423.32712, 508.28052
423.40396, 361.34375
423.41168, 361.477
423.61166, 46.38334
547.9404, 202.91347
547.9404, 202.91347
423.79984, 202.85101
547.8944, 171.17863
547.6235, 9.226684
424.51974, 182.93541
424.5552, 158.54599
424.5552, 158.54599
424.5664, 320.55878
425.1212, 236.80473
425.1291, 636.8071
425.22952, 73.415924
425.32574, 432.92233
425.41403, 385.82135
425.5058, 508.61163
547.566, 109.01222
425.8866, 392.1566
813.5742, 390.35938
813.4067, 560.6969
812.9064, 629.289
547.4909, 150.24086
426.36328, 23.615797
547.35205, 555.91595
547.28345, 115.81857
547.1609, 424.89062
426.7821, 620.91815
812.72736, 400.89944
812.72736, 400.89944
546.36914, 321.94073
428.31232, 18.557463
428.67807, 478.20782
428.6906, 603.8754
546.08075, 153.88626
546.0126, 173.06842
428.99103, 105.693596
429.01212, 198.10272
429.03564, 36.705315
545.973, 433.08633
429.68503, 486.055
429.69818, 603.3883
429.79025, 22.475996
812.19446, 265.55685
812.05774, 63.337082
545.85455, 419.98956
545.8066, 6.607388
430.1708, 547.98016
430.1708, 547.98016
545.3095, 199.48645
544.9228, 263.29324
430.63574, 159.76768
544.64453, 67.80246
430.93893, 183.92282
431.05664, 240.26482
431.065, 102.84181
811.96704, 543.21783
431.22116, 616.47705
431.39755, 124.00321
544.4279, 353.91168
544.4279, 353.91168
544.21576, 186.49878
544.21576, 186.49878
544.17206, 655.97577
431.9788, 108.92194
431.98865, 535.11505
543.88544, 166.00783
432.22897, 198.18668
543.81213, 114.60631
432.81516, 377.3436
432.89355, 101.21853
543.77295, 177.1567
432.9758, 293.04483
784.4301, 91.18619
433.31488, 462.72336
433.32678, 448.17258
811.0138, 408.27567
433.51303, 432.1057
433.58292, 266.21204
433.7824, 105.32537
433.82278, 581.9034
433.8615, 487.04663
433.9662, 71.80458
434.23627, 409.70572
784.4643, 30.762363
434.29373, 447.29922
543.13885, 292.0332
434.6102, 639.2616
434.89557, 479.55704
542.78796, 69.95942
435.10117, 645.47485
435.11853, 620.3624
784.48816, 497.41016
435.29233, 16.536036
542.5434, 277.1945
435.47903, 538.5962
542.5434, 277.1945
810.6318, 385.4771
435.6228, 399.29825
542.43933, 492.21872
542.43933, 492.21872
435.80356, 76.41453
542.43555, 487.38928
542.0337, 236.66455
436.32083, 200.83867
436.32083, 200.83867
436.37964, 580.03076
436.44684, 184.1292
809.6528, 240.27528
541.92285, 201.94696
541.81244, 132.29099
541.7714, 217.48676
436.89798, 227.07077
436.97308, 310.00644
809.56354, 641.7299
437.11566, 598.98944
541.71643, 132.40714
437.43277, 402.68637
437.55325, 536.695
437.55325, 536.695
437.67218, 655.4401
437.99194, 37.8894
438.00366, 258.5761
541.71643, 132.40714
438.2647, 386.87604
438.28506, 382.8309
541.65735, 602.1138
438.60703, 478.45956
438.60703, 478.45956
438.62082, 617.59766
438.72336, 292.28946
438.86432, 358.07523
438.86432, 358.07523
438.92432, 371.00543
541.0528, 510.50458
809.073, 589.51086
439.1616, 412.50522
439.1616, 412.50522
540.516, 120.459015
439.22552, 642.3988
439.23547, 95.199005
540.3577, 42.951694
809.073, 589.51086
439.82523, 80.30616
439.88675, 199.58023
809.0247, 295.30566
440.14053, 380.30652
440.30035, 244.44406
440.31042, 270.8866
440.66974, 405.0732
440.98074, 582.7779
441.44714, 473.3023
441.50116, 211.34547
785.3483, 382.81525
540.1128, 156.27783
539.51306, 275.28635
442.05383, 302.40195
539.3705, 95.87123
442.23688, 313.90912
442.54572, 590.1556
442.57962, 266.91855
442.67105, 218.71365
442.73868, 371.2561
442.77216, 131.64888
539.20984, 172.31084
808.8416, 325.66876
539.0416, 212.20862
443.07422, 308.2757
808.6011, 528.52606
443.20117, 75.963425
443.29166, 637.3786
443.42648, 184.5411
443.54608, 646.75116
443.8896, 151.32635
443.9483, 482.61267
443.98483, 281.53607
785.4722, 23.508587
444.12552, 194.2761
444.17462, 96.26459
538.64575, 493.27795
444.2255, 263.10358
444.25143, 642.78406
444.64633, 386.9399
538.6434, 441.71637
444.93094, 652.7674
537.99164, 45.77767
445.0223, 239.62956
445.0223, 239.62956
445.05527, 541.43414
445.17618, 43.848396
445.40585, 432.81827
808.0209, 472.09906
445.49673, 488.04938
445.49673, 488.04938
445.78635, 277.26135
807.83044, 58.99283
785.47943, 176.17197
446.0588, 461.06458
446.0588, 461.06458
446.1789, 310.89526
446.3473, 309.8738
537.12634, 154.1653
537.12634, 154.1653
447.0442, 16.102161
447.09998, 516.8103
447.27786, 640.6436
447.6645, 654.8126
537.12134, 568.1179
448.05753, 99.906944
536.9988, 128.6067
536.8557, 263.75897
448.68912, 291.02032
785.60345, 406.37042
449.37796, 650.81287
449.40512, 217.8809
535.16486, 241.1669
449.9018, 376.09918
449.9096, 637.7539
450.09985, 323.00775
450.1778, 541.66394
806.46027, 177.14589
806.3215, 563.99084
535.08044, 295.1192
534.9651, 361.81427
785.94653, 58.167118
450.82062, 520.8427
451.02463, 48.62468
534.8361, 441.90704
451.09613, 73.80782
451.34082, 260.65686
534.5546, 432.13895
534.4486, 460.35178
452.00638, 214.20157
452.11026, 9.319991
452.13275, 654.59515
452.19858, 320.02032
452.39783, 644.03436
452.5448, 295.17792
452.9873, 457.25784
453.201, 512.8272
453.201, 512.8272
453.29773, 536.83563
534.06537, 375.4024
453.36438, 133.12843
534.0583, 588.43787
533.9987, 67.899475
533.6621, 368.16565
453.6117, 488.03604
453.65533, 431.55954
453.65533, 431.55954
453.94937, 253.2988
533.5708, 261.2458
454.01266, 587.59515
533.1449, 537.6539
454.39883, 15.599564
785.9628, 590.99207
532.83813, 213.11188
454.79843, 73.398705
454.90802, 185.5454
785.9628, 590.99207
455.2382, 292.17084
455.2382, 292.17084
532.71564, 122.86323
532.6873, 392.11395
455.4517, 117.567085
532.5912, 579.9242
532.4071, 136.38608
455.8715, 217.99246
455.8715, 217.99246
786.4526, 262.56238
532.0093, 347.58865
786.4576, 183.34724
456.78217, 648.29474
531.8819, 381.4298
531.84717, 486.3558
456.95935, 146.272
457.35022, 192.98291
531.54877, 434.92715
458.1909, 214.72081
458.1909, 214.72081
458.34988, 619.25287
458.36612, 124.49941
458.6763, 75.33785
459.1177, 128.47725
459.14352, 405.47012
459.2812, 156.29579
459.2812, 156.29579
531.2447, 264.16962
459.3894, 14.614786
459.39536, 653.5047
531.1328, 354.42236
786.4576, 183.34724
459.5851, 645.37714
459.85406, 210.50745
459.92892, 318.38602
804.84644, 614.8976
804.82135, 171.40657
460.43146, 437.03464
460.43146, 437.03464
460.56537, 333.5747
460.8293, 231.74431
460.9953, 236.8435
530.90326, 490.6721
530.90326, 490.6721
530.8996, 350.00586
461.10562, 380.05807
786.6502, 268.65402
530.7792, 189.47086
530.59985, 245.01323
461.81213, 648.9831
530.3848, 126.782295
462.21213, 614.0868
530.2718, 470.5773
462.4868, 408.82355
462.53232, 660.9547
462.59964, 272.96494
462.61346, 115.93264
462.7767, 155.92664
462.83392, 234.53151
463.40665, 212.05475
463.40884, 601.13605
463.44098, 561.6641
463.57022, 422.98444
463.60886, 460.1927
463.655, 217.50288
804.3826, 113.986465
464.03976, 296.5707
464.22946, 259.26337
464.29065, 267.63052
464.42276, 620.0573
464.43726, 49.432293
464.5191, 624.5909
465.0423, 142.53122
465.28006, 183.27744
529.9462, 377.38058
529.90875, 366.47406
803.24066, 231.44539
465.70697, 243.56145
465.70697, 243.56145
466.48798, 274.96005
529.8433, 441.30313
466.7113, 596.00366
803.0657, 117.64122
467.20166, 215.89272
529.6718, 153.77763
803.0657, 117.64122
529.0769, 539.14703
468.11032, 69.12421
468.30606, 464.78787
468.33472, 326.97968
529.0769, 539.14703
468.40524, 186.15363
468.54425, 100.79761
528.8979, 313.18896
469.09186, 41.501556
528.7765, 656.0171
469.4031, 247.04619
802.45026, 307.6919
469.9392, 434.88144
802.44055, 85.688515
528.6567, 79.61977
802.24585, 233.98532
528.6313, 68.0025
528.6313, 68.0025
802.09814, 586.0825
801.8354, 365.55353
801.7306, 442.0776
470.89185, 172.16249
528.5691, 487.60522
471.03497, 242.51349
528.51855, 41.165146
801.7306, 442.0776
471.833, 180.15535
471.91962, 194.97206
528.4654, 198.20741
528.2494, 213.14394
472.21075, 324.04346
801.6414, 26.511362
801.167, 360.1348
800.8569, 557.64813
787.0604, 356.90875
472.46725, 542.5254
527.9756, 543.58246
800.7136, 495.06235
472.93527, 374.48605
473.01517, 459.9572
527.9514, 648.6939
800.5098, 109.908966
800.24567, 29.933247
799.9504, 78.29953
799.9504, 78.29953
473.87527, 581.895
473.94376, 400.18997
473.96524, 318.3272
474.06, 131.66327
474.07397, 29.38388
799.5138, 269.31332
474.1279, 206.72893
474.1279, 206.72893
527.5515, 10.375693
474.5474, 45.19462
474.83936, 379.4185
474.8473, 431.28906
527.0887, 210.09602
475.16412, 497.96716
475.16412, 497.96716
527.0171, 490.17477
475.54297, 620.22925
475.80984, 73.52536
475.80984, 73.52536
475.84235, 69.907166
527.0171, 490.17477
799.3789, 533.0911
526.87573, 242.99573
799.2809, 635.13354
476.45, 127.331345
476.45, 127.331345
526.8646, 403.16965
526.82214, 316.70825
526.7646, 124.50643
476.59827, 211.84651
476.61002, 347.57565
477.1281, 28.017399
526.7531, 574.4233
526.6044, 291.0238
477.4313, 569.4406
787.2183, 558.05426
526.1117, 186.50058
477.7562, 494.98782
477.78607, 269.53513
799.2086, 114.71435
477.8546, 82.14698
799.01996, 489.95483
477.9747, 383.1893
526.0752, 460.37967
526.0752, 460.37967
525.47845, 435.6087
478.42743, 179.35255
798.8592, 122.46801
525.4407, 144.55139
798.79584, 241.24911
479.10318, 95.48764
479.38422, 515.40753
479.3992, 92.74869
798.54175, 528.66785
479.65482, 596.74396
479.65482, 596.74396
479.65793, 483.02167
479.68698, 433.1939
479.77768, 138.71582
525.17285, 350.0342
479.94882, 475.0345
525.16077, 372.07614
480.03732, 376.62943
480.03732, 376.62943
525.10803, 364.0114
525.10803, 364.0114
525.03455, 242.69669
480.22766, 310.01544
480.22766, 310.01544
797.6502, 128.97562
480.35913, 185.42863
524.9661, 321.63074
524.9661, 321.63074
797.27734, 85.117455
524.9054, 199.05417
481.05634, 379.62442
481.15042, 372.14578
481.38928, 72.88898
797.20325, 537.5038
481.64676, 567.1333
797.10864, 137.1388
797.10864, 137.1388
797.0989, 407.95618
481.99274, 239.86601
482.5465, 473.27393
482.61673, 191.10547
482.93546, 420.5946
524.9054, 199.05417
483.06155, 125.75046
796.9969, 119.35239
483.23306, 363.7997
524.3914, 234.8775
483.5273, 155.17447
483.72354, 305.10583
483.94427, 630.1441
483.98422, 259.71933
524.3914, 234.8775
484.1097, 592.844
524.08936, 569.57404
484.20258, 236.56348
484.26086, 87.200226
484.69318, 571.0461
523.9349, 246.08195
484.9264, 634.012
484.92767, 184.58989
523.595, 42.664555
485.28683, 490.64053
485.44556, 184.75668
796.3233, 313.93594
796.05804, 190.56921
522.79144, 476.6229
486.0676, 515.16016
486.0676, 515.16016
486.1227, 43.14158
795.7632, 296.6589
522.69684, 488.56592
486.26077, 406.4905
487.04572, 350.3931
487.2219, 151.79242
487.231, 46.066322
487.7414, 197.08636
487.75394, 645.877
522.69006, 212.30673
488.16656, 132.57346
488.25836, 603.8
488.39813, 185.23026
522.5255, 413.19995
488.44678, 610.5782
488.44678, 610.5782
488.48978, 617.1676
488.5379, 306.11325
488.71808, 434.98422
488.71808, 434.98422
488.75964, 254.84094
795.219, 236.35808
795.219, 236.35808
795.0206, 552.45074
489.6492, 390.2497
489.70132, 379.19952
489.84555, 567.5825
489.97787, 537.0052
522.50635, 96.90574
490.10294, 72.08653
522.2913, 597.9701
490.51285, 154.09259
490.5623, 398.46014
490.5623, 398.46014
490.7135, 626.64
490.75696, 490.60724
522.17615, 655.3901
522.09705, 425.5537
522.09705, 425.5537
491.24527, 259.4158
491.24527, 259.4158
491.52094, 651.6007
491.59036, 622.3043
491.64536, 596.5142
491.88995, 151.07788
492.0232, 18.216219
492.77, 157.05869
492.83972, 618.62317
794.89246, 248.86308
493.3078, 541.07965
794.83716, 133.22769
493.53735, 152.08374
493.72882, 384.7688
522.09705, 425.5537
522.0006, 406.006
788.0215, 148.45364
494.49823, 113.09197
494.87296, 317.3582
521.6492, 187.0576
794.1441, 115.21296
495.12146, 97.36994
495.12146, 97.36994
495.70712, 536.7021
521.2928, 440.96295
496.35165, 491.18365
520.75714, 624.4095
496.7496, 462.6385
497.1771, 236.61858
497.26932, 291.55298
520.3699, 249.41905
788.2061, 205.83234
497.39838, 102.18401
520.2479, 42.516174
497.50797, 11.169598
497.50797, 11.169598
497.52097, 567.10815
497.63147, 433.20905
498.16, 635.3524
498.25433, 488.1103
498.53177, 125.11726
520.2262, 321.54575
498.72037, 202.6031
498.77243, 61.582634
498.91077, 241.07336
520.0563, 377.76898
499.09308, 160.41061
499.09406, 170.7757
520.0563, 377.76898
788.3692, 258.7169
499.55237, 68.15626
499.55237, 68.15626
793.6152, 244.0141
519.63043, 463.94385
519.5507, 183.35776
499.6993, 429.71265
499.78986, 97.34689
499.94147, 46.99866
500.06332, 292.94952
500.45193, 426.4435
500.45193, 426.4435
500.92828, 457.12515
788.44727, 321.49698
501.2053, 128.5549
501.52664, 467.2231
518.8718, 413.01767
793.51935, 383.71338
501.90317, 245.71854
501.90317, 245.71854
502.00812, 493.85193
502.11542, 289.02216
502.11542, 289.02216
502.5213, 501.41574
502.68863, 480.33447
502.68863, 480.33447
502.7938, 295.5928
793.0235, 204.49329
792.88153, 87.18607
503.13815, 541.8391
503.30594, 157.19948
503.44022, 266.2364
518.60504, 155.55827
503.98224, 567.4826
504.00317, 545.7585
504.06927, 512.43823
504.22882, 395.1529
504.34946, 572.36053
518.2646, 391.34094
504.82846, 605.0412
504.84235, 432.08627
518.07385, 361.69476
505.33292, 263.6163
792.57806, 375.58115
518.0198, 37.805225
517.9792, 498.48383
505.87112, 134.20988
506.08972, 123.588066
792.1667, 188.67862
506.46326, 387.72455
788.73315, 318.32788
792.0676, 175.7277
506.5876, 68.98687
506.60507, 516.6426
792.01404, 197.02205
506.64673, 96.63557
516.98334, 32.676304
506.74026, 161.01035
507.71118, 32.76616
507.86505, 168.68152
507.88037, 260.38516
508.08212, 404.51254
508.20068, 631.08734
508.20068, 631.08734
508.32684, 213.25922
508.32684, 213.25922
791.8142, 145.72597
516.92194, 180.3806
516.92194, 180.3806
508.69595, 473.16147
508.69595, 473.16147
508.7394, 366.3274
508.83917, 634.98914
788.83875, 572.7237
509.3912, 13.637662
788.85474, 383.43387
509.66382, 542.0336
509.82498, 127.918236
509.91586, 399.3636
509.9257, 237.06712
791.66077, 60.945557
510.26794, 207.33543
510.26794, 207.33543
510.31274, 492.32156
788.8643, 241.21489
791.592, 305.98953
516.322, 385.56036
516.2052, 40.864258
516.09503, 563.44824
511.18607, 348.5963
515.9292, 600.65106
511.4685, 372.7416
515.8245, 125.314896
790.30005, 527.90857
790.1132, 607.89124
512.7315, 99.49485
512.9805, 648.70074
513.07074, 11.786718
790.1132, 607.89124
513.1803, 597.9483
790.0752, 596.5129
515.22455, 213.98611
789.3773, 13.64551
789.5638, 63.63491
513.3834, 95.9069
513.3925, 530.4062
789.66595, 348.80774
513.55194, 231.90932
514.95526, 236.05513
514.19055, 170.26303
514.3795, 622.811
514.84393, 463.44104
743.3384, 105.2727
741.5955, 313.85895
740.20355, 271.0184
511.60248, 143.8194
14.201439, 285.369
26.066484, 74.979294
728.0524, 492.67053
724.3844, 468.98047
501.3435, 448.268
501.3435, 448.268
60.096676, 6.6597724
63.179714, 8.917366
80.324585, 378.20837
490.2519, 449.15195
700.2895, 649.28436
698.2175, 54.656693
692.4984, 13.306785
104.37489, 390.95096
108.653244, 451.13254
684.72015, 551.5149
684.72015, 551.5149
898.35297, 385.94522
898.35297, 385.94522
124.402054, 439.14236
527.1108, 507.28912
527.1108, 507.28912
883.88257, 137.35774
655.3315, 96.54275
876.8489, 46.24908
175.40796, 134.78049
869.6936, 90.886375
869.06396, 612.99805
201.81337, 608.6337
201.81337, 608.6337
459.50024, 328.31638
767.4785, 560.65466
456.004, 659.90137
767.4785, 560.65466
217.30719, 433.88034
218.05989, 412.30774
218.05989, 412.30774
219.29753, 246.54561
616.74786, 99.11791
244.00195, 75.74609
451.36362, 96.49894
608.8331, 58.120674
450.1367, 281.50278
261.82364, 318.84305
269.8899, 353.06854
270.55762, 390.33322
272.0771, 403.0988
603.2995, 535.91956
772.2129, 240.498
444.77432, 422.3599
286.87396, 361.17462
592.8776, 386.526
587.3673, 100.95851
585.90826, 41.79478
585.90826, 41.79478
322.68338, 10.993652
335.80637, 247.9445
339.77753, 618.2036
339.77753, 618.2036
577.86896, 243.84625
354.76932, 506.6296
825.3339, 295.4829
370.40192, 341.7006
370.40192, 341.7006
372.92416, 290.0886
433.5715, 37.38491
433.42136, 168.98128
821.8874, 382.69107
379.04236, 590.6176
379.04236, 590.6176
565.42694, 451.42926
391.01346, 287.20016
394.59772, 108.689804
819.46484, 440.48895
784.3285, 475.4674
400.7252, 66.07174
403.7169, 74.075485
403.7169, 74.075485
555.74524, 56.134556
554.58057, 71.8519
413.63324, 619.6218
294.97806, 288.91595
238.60385, 73.42127
598.6901, 164.3512
88.11443, 167.239
