846.3814, 378.43497
845.5652, 242.02951
841.92163, 331.85318
4.0444465, 482.491
840.402, 380.2575
840.057, 363.16147
840.057, 363.16147
838.54, 409.57535
837.0752, 367.87262
836.8791, 361.1518
6.082728, 466.5099
7.673087, 529.4246
835.3124, 373.04352
834.8899, 255.55443
833.9293, 363.65433
832.118, 144.80408
831.645, 232.30678
831.3022, 474.94128
10.541291, 437.76468
830.7003, 368.98233
827.73, 317.60928
11.737688, 530.93567
827.3835, 356.5139
825.48444, 313.94012
825.48444, 313.94012
12.127731, 220.39644
825.35754, 410.37332
825.117, 278.34946
824.7416, 383.49197
824.5303, 408.92487
824.106, 284.08917
824.0593, 445.44373
13.831825, 21.453999
823.20966, 332.33414
13.915682, 350.7501
822.12604, 226.58543
821.70667, 281.41772
821.70667, 281.41772
821.5784, 286.09766
821.5784, 286.09766
14.74508, 410.09848
820.9913, 329.4991
819.3951, 460.73782
818.7402, 318.0442
16.559948, 333.6799
16.606333, 358.5824
817.8138, 383.58643
17.105291, 321.4758
17.142355, 287.8307
816.2558, 333.87766
816.18176, 415.53735
17.891447, 270.31345
815.95374, 315.413
815.31775, 461.63992
815.30304, 230.54501
814.39215, 482.83878
814.39215, 482.83878
813.5479, 468.25394
813.3711, 426.2143
813.3711, 426.2143
813.09393, 383.97876
812.6932, 587.52783
812.6932, 587.52783
812.57745, 354.42258
812.4523, 371.77814
19.405657, 318.33905
812.2549, 255.82555
812.0926, 481.6306
19.866236, 563.3118
19.866236, 563.3118
19.866236, 563.3118
811.8342, 424.31677
811.5258, 336.6968
20.194899, 359.8131
810.7509, 408.71362
810.67163, 310.79364
809.9246, 365.28195
20.56875, 436.445
809.80615, 379.9951
807.4341, 363.58502
21.205568, 515.2586
806.74884, 239.41545
806.74884, 239.41545
806.4976, 299.99692
806.09784, 352.09683
805.52686, 142.7695
805.27704, 259.17746
805.2518, 620.4526
803.6733, 289.11917
803.4187, 256.6
802.2031, 109.942856
23.570185, 432.88654
23.901024, 344.8451
801.1377, 328.49185
24.398363, 423.61597
799.06226, 297.8985
799.0324, 146.01776
799.0324, 146.01776
798.99927, 317.2137
798.99927, 317.2137
798.9361, 235.29366
798.9058, 308.7829
798.9058, 308.7829
798.3525, 379.5034
795.21643, 286.4252
795.0315, 114.67274
794.9222, 107.76915
26.578629, 619.87506
793.94867, 249.96877
26.78202, 347.8142
793.82666, 256.38113
793.7712, 152.39877
793.5872, 290.90887
793.4571, 274.878
27.9112, 477.12808
793.22125, 312.75793
792.79236, 376.2303
28.336704, 324.94086
792.7697, 229.87813
789.11395, 337.36078
789.11395, 337.36078
29.05754, 365.938
29.05754, 365.938
787.9584, 262.09286
787.01654, 328.98175
786.9601, 323.74268
786.7512, 407.45602
786.1298, 383.7991
30.168282, 515.84436
785.75507, 98.99729
782.76733, 310.65732
31.483633, 551.72577
782.4553, 377.66672
782.4364, 371.93536
31.87451, 360.9863
31.994732, 544.9861
782.4364, 371.93536
781.35565, 424.37314
781.35565, 424.37314
780.8824, 445.70996
780.8824, 445.70996
780.8559, 661.575
32.772705, 344.37302
32.772705, 344.37302
32.779343, 537.14294
32.837624, 316.98654
780.4483, 480.33786
33.45627, 400.58997
33.507812, 229.47464
33.507812, 229.47464
779.6999, 143.1801
778.6811, 649.085
34.26581, 338.5985
778.67926, 92.40934
778.261, 421.3749
778.261, 421.3749
778.1822, 473.73904
778.0503, 383.85764
34.83923, 561.33575
777.8661, 338.7477
35.641933, 318.22833
35.924183, 404.99762
35.939354, 437.07794
35.950775, 324.4307
773.98, 405.22626
773.7432, 379.13867
769.914, 330.7246
37.28926, 550.6597
37.28926, 550.6597
767.92566, 348.1343
764.54456, 110.00593
38.030178, 233.87218
761.88776, 479.5911
760.9521, 484.5281
760.63995, 425.70575
760.5394, 407.97614
760.0145, 423.38666
759.7726, 366.59592
759.3891, 347.4389
758.6111, 250.46614
39.493362, 520.1585
758.44037, 115.93276
758.4315, 341.93747
39.878506, 398.76105
40.002506, 349.42325
756.7495, 245.34528
756.6322, 420.87665
756.45917, 484.42877
753.282, 346.95343
40.89222, 516.0573
751.5801, 426.2165
751.54456, 416.7413
41.273804, 415.8714
750.1805, 423.25623
749.53687, 251.06314
749.0632, 350.14505
747.45374, 415.94946
42.124973, 410.47385
42.24129, 297.3533
745.95685, 107.85177
744.7168, 93.20518
743.7435, 361.86618
743.468, 483.35175
43.17292, 527.7758
43.23946, 317.5395
740.2891, 138.78056
738.90344, 395.9281
738.90344, 395.9281
738.82025, 436.46442
736.42706, 478.2852
734.20636, 313.2611
733.9236, 282.51102
45.206814, 352.76672
732.98566, 250.91061
45.49956, 304.7486
732.64716, 388.30295
732.17615, 387.48944
45.647366, 343.62946
45.778343, 315.5551
730.87366, 281.5701
730.87366, 281.5701
730.5103, 313.05005
46.24232, 232.66995
729.3105, 118.46505
46.809696, 573.49695
46.969353, 337.47183
47.48078, 346.43198
725.7865, 288.6161
48.442463, 360.05795
48.494713, 442.491
725.7865, 288.6161
48.616833, 484.54044
725.6129, 417.3908
48.843956, 329.92505
48.843956, 329.92505
724.43964, 351.24503
723.28033, 115.91564
723.28033, 115.91564
722.7454, 278.3328
50.22775, 297.0449
50.473457, 552.17065
50.482487, 427.48438
721.1588, 251.54108
50.960903, 575.31866
720.5332, 281.5657
51.34309, 353.59103
720.3174, 471.6919
719.6496, 344.5857
719.32904, 112.86092
719.32904, 112.86092
52.092915, 382.72086
52.67975, 336.76868
716.2735, 312.80008
715.36383, 245.87936
52.92327, 527.4255
52.92327, 527.4255
713.82446, 349.12186
710.424, 404.84003
709.67474, 422.63013
709.38446, 238.66177
708.5759, 348.35703
708.5759, 348.35703
707.0968, 316.29694
54.562016, 332.22147
55.09645, 336.64447
703.3334, 96.17859
703.3334, 96.17859
703.3334, 96.17859
702.92377, 456.04572
55.709587, 340.08194
700.37115, 284.84863
700.37115, 284.84863
56.058235, 414.85272
699.9353, 488.7486
698.95215, 484.99216
698.95215, 484.99216
698.26263, 113.391525
698.26263, 113.391525
57.17235, 380.79398
695.418, 229.71078
694.27966, 317.0928
58.951637, 569.6609
59.06151, 559.23663
694.05774, 458.86588
693.2059, 111.857155
693.0843, 266.98215
59.647827, 636.4292
691.0184, 270.0306
690.85114, 312.67096
59.973743, 341.02798
690.4766, 483.19104
690.4766, 483.19104
690.4457, 416.2905
60.484203, 319.8278
60.961697, 330.61053
689.47345, 212.76437
689.3194, 111.35086
689.3194, 111.35086
689.2435, 227.22406
687.9052, 418.85095
687.83136, 459.0339
62.16841, 380.99036
687.0362, 274.75107
685.5796, 213.51839
685.43304, 200.79369
63.11994, 564.98004
685.40717, 365.26944
63.438343, 637.56976
684.90546, 415.81296
684.89514, 289.03534
63.79426, 291.38647
64.120514, 294.11957
684.3568, 222.27966
683.9479, 407.36038
683.9479, 407.36038
683.8787, 390.25763
683.8787, 390.25763
683.39795, 244.44627
682.4043, 253.25836
65.76508, 338.78003
681.4421, 418.5843
680.8517, 582.979
680.3129, 458.31247
680.2532, 340.12933
66.47954, 363.95596
679.3387, 488.7823
679.2704, 180.93472
678.9893, 312.8277
678.84143, 317.00027
678.4036, 463.21005
678.068, 454.60056
677.965, 226.73418
67.31385, 438.54282
67.353165, 329.8846
677.2273, 485.39926
68.01554, 551.8361
677.2273, 485.39926
68.50745, 298.8863
68.62504, 369.61792
676.4332, 184.75497
676.291, 394.4914
676.2392, 177.0102
69.02449, 293.5159
673.6119, 485.44626
673.59094, 408.02228
673.42365, 109.02556
673.16797, 173.93951
673.08856, 160.63022
69.97279, 435.4949
672.7926, 397.5761
672.76013, 377.96915
672.76013, 377.96915
70.16528, 352.09888
672.37775, 333.64505
672.3708, 186.61667
672.3692, 389.40875
672.2409, 482.4672
671.8009, 441.61465
670.6015, 410.0358
670.5763, 208.97072
669.24725, 114.41873
668.9438, 338.3337
668.6054, 336.05634
668.2746, 222.52551
668.2021, 138.96106
72.30113, 290.28973
72.70773, 533.10675
72.799355, 344.45303
667.2341, 381.81265
666.8609, 484.88568
73.16801, 306.9966
666.66876, 418.5434
666.6605, 467.35062
666.53864, 484.70682
666.3814, 392.6826
665.4728, 317.64825
665.4026, 415.71793
74.42094, 640.0509
664.896, 222.05992
664.0775, 458.2118
664.0775, 458.2118
663.95557, 463.5289
663.95557, 463.5289
75.260414, 531.37024
663.1093, 224.54929
75.76584, 438.1313
662.4795, 488.05606
660.3345, 381.61343
660.3132, 473.27347
659.86993, 453.0346
76.940094, 438.45932
659.1361, 244.57802
658.68286, 335.89603
657.64886, 317.5099
77.619064, 370.53265
656.5118, 285.60995
78.02349, 394.86725
655.1623, 377.28134
78.24448, 522.2712
654.6062, 461.68054
654.5648, 306.63266
79.0362, 453.8811
654.2671, 415.56595
79.58397, 304.0772
653.00085, 472.0182
80.54546, 315.61945
652.2288, 314.0708
652.2288, 314.0708
80.60732, 331.64957
652.1046, 437.47055
80.68328, 338.72195
80.829506, 372.87967
80.961845, 520.6938
651.71606, 323.2048
651.71606, 323.2048
81.994774, 297.4862
651.5372, 272.3645
650.7006, 446.06696
650.7006, 446.06696
82.67362, 409.5669
82.86035, 401.23965
650.24097, 496.02164
650.24097, 496.02164
649.64856, 421.03857
83.450905, 527.5814
649.2054, 377.14963
648.5985, 468.9883
648.5748, 258.89325
83.69816, 340.94495
647.95593, 309.73788
647.92566, 316.09863
646.4819, 279.72125
83.97795, 365.0803
83.97805, 416.633
645.9959, 494.23108
645.7327, 417.68036
84.27844, 416.58704
84.27844, 416.58704
84.47323, 439.47418
84.49857, 405.80472
645.4045, 369.12814
84.67151, 317.85016
645.38086, 332.72742
85.24267, 332.4665
85.24267, 332.4665
85.39748, 332.04776
85.39748, 332.04776
644.91895, 472.4323
85.41866, 411.6486
85.41866, 411.6486
644.42786, 477.31967
85.56261, 372.19342
85.56261, 372.19342
644.4001, 360.83966
644.3524, 449.77393
644.0945, 320.10297
86.09413, 357.59863
643.9336, 255.03914
643.82465, 464.0297
86.3114, 328.61108
643.82465, 464.0297
641.9849, 249.5681
87.132484, 577.6256
87.586784, 446.13025
641.053, 368.84747
641.0208, 458.87015
640.77234, 487.32437
640.3741, 408.82974
640.25854, 419.591
640.25854, 419.591
640.2012, 346.25604
640.101, 373.70352
88.6265, 426.78336
88.665764, 407.593
639.6863, 413.84464
639.3549, 319.84375
638.8255, 669.08936
89.47088, 313.56943
89.50606, 336.18213
637.0007, 384.89166
90.366684, 481.18018
90.366684, 481.18018
636.77576, 390.665
90.370926, 400.62997
90.51779, 481.3641
90.51779, 481.3641
636.6626, 417.51987
636.62976, 405.1131
635.9906, 453.28146
635.82166, 662.7792
90.867966, 450.10492
635.2993, 443.4087
635.23114, 471.26535
635.0722, 458.89294
634.87836, 463.3334
634.87836, 463.3334
634.65326, 337.92743
634.15, 375.60858
92.51439, 414.36972
634.15, 375.60858
634.09546, 367.82254
93.26692, 316.63895
633.61475, 303.54462
633.22186, 395.4282
631.92914, 327.57758
93.560585, 331.42966
93.560585, 331.42966
631.87933, 189.92249
93.77385, 327.7963
631.87933, 189.92249
631.8381, 445.65836
94.00483, 337.94595
631.013, 320.8195
94.49977, 352.8554
94.57168, 348.75998
630.496, 398.30423
630.4801, 513.6923
94.62989, 552.5698
630.4491, 362.2999
95.06204, 473.0697
95.39126, 426.48532
630.3434, 511.03702
95.45148, 325.19345
95.97372, 560.5956
95.97372, 560.5956
630.02985, 362.26385
629.7051, 484.6384
96.11766, 358.2203
96.11766, 358.2203
629.47345, 219.42865
629.47345, 219.42865
97.68785, 364.22513
628.58264, 243.03221
97.89583, 434.09088
98.05153, 614.25946
98.05153, 614.25946
628.1821, 488.50458
628.147, 352.8023
627.919, 344.4056
626.9552, 463.10077
626.00287, 459.29593
625.8108, 368.10452
99.17368, 354.27963
625.40784, 222.8441
625.22144, 278.71066
99.7534, 344.60925
625.08856, 290.58298
625.0365, 283.32687
100.164566, 405.71964
100.25104, 314.19455
624.6666, 317.132
624.59906, 340.0499
624.49194, 204.61584
624.49194, 204.61584
624.20776, 443.51883
100.723854, 350.1652
100.72795, 219.04292
624.19495, 204.5191
624.17346, 377.0555
100.81613, 444.1716
101.03405, 435.58997
101.03405, 435.58997
623.64, 324.953
623.15234, 344.16876
622.79944, 350.33145
622.6333, 517.09827
622.612, 513.9419
622.32587, 281.01575
621.9752, 127.51285
102.833275, 297.79266
621.5917, 364.18958
621.42786, 103.706604
621.1222, 107.69469
103.359146, 541.9339
621.0515, 219.12456
103.79153, 300.10376
620.4562, 194.58498
620.4562, 194.58498
104.33401, 374.32785
620.2203, 459.13953
619.8286, 396.69366
619.684, 334.4189
619.3918, 320.49796
619.0136, 320.08316
618.9002, 204.37099
618.7857, 213.78386
105.29618, 516.7796
105.482445, 390.90088
618.7068, 383.3322
618.6354, 124.12503
106.09355, 395.8518
618.3322, 466.2151
106.38791, 437.04425
106.45195, 415.9829
617.78546, 128.05014
617.10284, 351.46655
107.00549, 410.39688
107.34551, 361.265
107.34551, 361.265
107.36221, 521.42487
107.51643, 340.17633
107.51643, 340.17633
615.18207, 103.24807
615.16064, 368.20123
108.05947, 552.4892
108.837975, 371.18665
614.8498, 162.36006
614.2678, 463.62842
109.42375, 334.40155
613.9578, 204.0811
613.9578, 204.0811
613.57043, 204.00713
109.59929, 541.79333
613.57043, 204.00713
612.7132, 124.03274
612.6831, 115.89387
612.6831, 115.89387
612.63837, 192.15614
110.072754, 342.58533
110.08688, 523.40967
110.09451, 604.9922
612.2864, 199.96661
110.193535, 529.49005
611.7165, 472.83286
110.46327, 328.0481
110.87726, 377.5658
110.87726, 377.5658
611.19763, 358.5856
610.0616, 346.08847
111.642586, 310.99173
111.6486, 601.7207
111.6486, 601.7207
111.741714, 418.3132
112.08341, 323.89767
609.53125, 460.79092
609.2553, 83.861664
609.15137, 120.211334
112.628815, 305.6045
609.1318, 397.34863
608.85, 104.260315
608.4834, 475.77335
608.34045, 74.63695
113.445, 539.6753
113.54658, 410.63528
608.34045, 74.63695
607.6319, 187.7061
606.08405, 471.78497
605.90045, 478.91876
605.71014, 218.86421
605.26575, 128.34422
603.46136, 120.673805
603.03723, 187.6036
602.8246, 413.2562
602.8246, 413.2562
602.5464, 459.01932
115.442184, 439.5213
602.1264, 473.1199
601.56384, 110.47864
600.8131, 104.51506
115.72437, 369.37604
115.72437, 369.37604
116.25461, 610.3371
116.25461, 610.3371
597.9018, 338.00714
117.11126, 255.65862
117.66474, 346.54123
117.8342, 340.0913
596.23224, 355.3954
596.22144, 106.04244
595.58234, 388.04083
594.462, 470.41055
593.47144, 393.17276
593.1373, 332.7549
593.03546, 402.643
118.881966, 436.77664
119.06336, 318.7462
119.17536, 300.78506
592.5727, 190.55966
592.5727, 190.55966
119.734764, 365.86713
591.37366, 465.3566
120.022385, 600.59644
120.022385, 600.59644
120.16682, 298.2008
120.22291, 361.2409
590.56616, 343.5369
590.53015, 416.44046
589.6657, 137.14711
588.55853, 214.37566
588.4447, 144.48216
121.80371, 382.72794
121.90893, 221.83458
588.17413, 431.25323
122.29671, 319.8171
587.5586, 148.15622
587.20404, 186.84595
586.87744, 101.66714
586.7082, 186.54057
123.129875, 297.23877
585.3882, 414.4837
585.3643, 182.89835
585.118, 330.57895
585.118, 330.57895
123.934105, 609.5384
123.934105, 609.5384
585.0751, 313.48453
585.0751, 313.48453
584.9905, 216.1104
584.9231, 201.57805
584.9231, 201.57805
124.35777, 437.45673
584.0617, 398.496
583.57306, 394.90692
583.275, 459.78717
124.57894, 523.1918
581.7693, 511.15152
581.49664, 388.50525
581.49664, 388.50525
581.33466, 474.41138
125.04739, 322.99213
580.7939, 542.702
580.7079, 377.6577
580.4686, 129.42932
580.4686, 129.42932
580.0363, 136.04543
126.08418, 534.8306
126.20818, 449.7206
126.20818, 449.7206
579.40204, 385.97906
579.20276, 476.96634
579.01074, 116.42062
126.596, 352.12357
578.0827, 507.9851
127.83539, 307.9044
127.849144, 395.13614
577.4284, 497.6344
577.298, 514.9183
128.61017, 361.77905
577.00775, 480.6287
576.9238, 364.23322
129.11357, 457.31717
576.87335, 111.87901
576.8586, 405.01422
129.52605, 319.85403
576.18304, 337.90787
130.13614, 315.08847
576.1728, 382.36975
575.9545, 395.23474
575.431, 129.90321
574.962, 362.14398
130.92351, 323.51956
131.04053, 367.91483
573.8283, 511.53506
131.58568, 451.31772
131.9492, 328.22418
572.3001, 377.68948
571.8273, 282.5337
132.56824, 448.17612
133.0434, 455.59583
567.48883, 299.83704
133.8648, 357.17084
133.99031, 431.32108
564.61115, 116.16825
563.2665, 383.7327
135.12141, 344.1521
562.6496, 252.10101
561.6151, 275.03812
136.06137, 341.60876
136.06137, 341.60876
136.39056, 440.70547
560.7029, 126.3691
136.471, 381.48102
558.26025, 277.30905
136.6857, 445.78845
557.3465, 150.87984
137.52441, 521.70105
556.1207, 559.8287
556.09735, 311.3007
137.69945, 306.48843
555.45776, 280.1069
555.3749, 310.3647
138.21886, 361.96893
138.21886, 361.96893
138.51448, 331.5464
554.74744, 274.41138
139.02069, 321.88358
553.3556, 307.20895
139.21991, 312.8101
552.9049, 277.5077
140.27827, 437.9982
140.3238, 475.28955
552.3246, 287.73676
551.89325, 436.3683
140.6307, 463.81332
140.6307, 463.81332
140.65402, 386.244
140.9704, 455.86176
550.95776, 361.58548
550.55457, 650.8811
550.55457, 650.8811
550.5381, 358.54663
142.24695, 331.11935
142.62701, 335.0455
142.81532, 348.24664
549.88684, 662.14087
548.9268, 293.33447
548.62866, 294.19882
547.7763, 395.93234
144.71788, 457.20032
546.8643, 122.4308
546.3646, 278.02798
145.67294, 426.71082
145.71577, 418.48904
145.72063, 503.0982
145.72063, 503.0982
546.34924, 242.88815
145.95381, 518.53864
546.1479, 386.44687
146.40881, 369.9257
146.40881, 369.9257
546.0345, 102.014626
146.89842, 464.38885
146.91322, 635.59973
545.5256, 390.70575
544.39325, 345.61746
147.74414, 308.40985
543.3077, 555.1522
543.3077, 555.1522
148.57893, 363.84967
541.8287, 355.19113
541.6854, 357.1203
541.2081, 175.41843
539.8453, 285.7344
539.8135, 103.69654
149.83963, 311.96475
539.0608, 358.5952
538.98364, 391.29984
538.81775, 303.23755
538.5206, 560.594
150.38664, 368.1384
150.38664, 368.1384
538.0097, 355.478
537.90704, 239.29608
150.83081, 452.7707
537.3865, 123.45956
535.7846, 661.63965
151.65068, 431.1233
535.31366, 406.93738
151.99905, 307.14365
534.3821, 226.01726
533.54816, 239.56187
532.51715, 558.776
532.51715, 558.776
532.4607, 132.73567
531.24005, 127.86311
153.84077, 528.98517
530.94183, 406.03406
529.9478, 433.4774
529.4998, 569.97986
529.2043, 460.09134
528.5642, 132.44145
528.0998, 372.62054
527.4617, 115.3579
527.25745, 326.99664
526.6635, 564.6596
526.07635, 92.18996
525.81067, 624.5436
525.5366, 359.85138
155.97412, 549.9409
156.23293, 303.7273
525.0029, 85.15275
524.90436, 117.71379
156.47766, 308.20547
156.61967, 333.12192
156.83769, 335.9823
522.1325, 272.00507
521.66644, 389.97263
521.48596, 276.51437
158.44646, 464.75565
520.1386, 493.79483
158.98001, 321.53668
519.1705, 131.37836
518.9999, 513.2773
518.9217, 92.24881
518.8322, 629.69196
518.6704, 394.4261
518.2942, 385.3671
517.69257, 412.58374
517.63617, 526.1856
161.36641, 306.07352
161.38416, 519.3051
516.522, 441.1713
516.19476, 390.08585
515.9681, 428.61182
162.68378, 558.678
515.62317, 408.77185
515.4874, 412.1425
163.04823, 328.5546
514.6245, 527.8462
163.34718, 371.2828
514.42993, 491.0047
514.4297, 501.2394
514.2337, 551.7198
514.23254, 275.89914
513.7705, 333.37292
513.7705, 333.37292
513.7643, 532.59863
164.06114, 392.353
164.24725, 421.17126
513.3611, 438.83527
513.32336, 509.90945
164.48372, 561.9839
513.32275, 368.06393
513.0802, 419.0446
513.0802, 419.0446
165.20117, 452.01166
165.20117, 452.01166
165.4521, 554.33997
512.49426, 515.8029
165.56784, 297.4766
165.72383, 490.168
512.2941, 409.26422
166.0609, 396.1044
511.50687, 392.52737
166.63, 163.57932
509.20676, 510.8139
167.34877, 415.41858
508.1698, 517.8024
168.05048, 373.04947
168.05048, 373.04947
168.33655, 199.83867
168.33655, 199.83867
508.0501, 355.7289
168.6421, 455.5898
168.70747, 545.3872
168.70747, 545.3872
168.77757, 396.97482
507.85223, 497.30585
169.255, 323.50357
507.83112, 371.36954
169.87335, 628.06995
507.35526, 275.27307
170.18822, 484.62653
170.26372, 456.91882
170.42659, 316.73102
506.67477, 504.66537
170.936, 453.0701
506.5868, 331.3485
506.02643, 507.47372
171.3258, 550.1855
505.94217, 322.09845
171.40335, 419.66998
171.8998, 465.53903
172.16211, 384.0795
172.16211, 384.0795
172.23564, 610.0125
505.5902, 326.92047
505.58563, 97.341385
172.44673, 306.91064
172.48683, 331.45306
504.95172, 408.72034
504.95172, 408.72034
504.73242, 347.81027
504.47623, 502.09564
504.17374, 215.99347
504.1711, 367.92877
504.04956, 288.76495
174.09811, 406.18378
174.51445, 633.6805
174.7513, 206.58052
174.7539, 441.5575
175.09164, 423.606
503.05124, 386.11816
502.93808, 125.16064
175.33716, 183.7036
175.33716, 183.7036
502.88742, 317.61557
175.75099, 374.60803
502.687, 580.2814
176.24052, 552.4273
502.42206, 327.94272
176.95018, 320.28177
501.92136, 435.57156
177.11156, 444.736
177.20352, 540.0489
177.26161, 540.2564
177.45575, 547.1833
178.0266, 452.13867
178.05067, 397.5569
178.40755, 288.6324
178.42014, 407.9345
501.3289, 596.0376
500.99826, 108.66242
500.80243, 431.54303
500.73587, 422.99704
179.85034, 329.1297
500.10092, 372.03528
500.0332, 204.66003
499.8379, 352.80734
499.8379, 352.80734
180.1219, 529.7639
499.67758, 390.5279
180.4971, 464.94934
499.15622, 120.874435
498.2093, 274.2619
497.94647, 435.94504
497.52164, 411.37296
497.43344, 272.92377
496.5814, 382.0274
182.73271, 561.8513
495.85358, 299.81003
495.85358, 299.81003
495.6225, 367.43698
494.9919, 379.26895
494.80215, 574.9375
494.77835, 235.18452
183.58601, 515.99
183.6671, 345.64258
494.7583, 404.83313
493.6408, 194.19218
493.44058, 340.5065
184.88687, 370.9806
492.53763, 286.5811
185.5772, 191.02238
185.59494, 319.79395
492.0021, 109.42184
491.9708, 79.05252
491.94418, 51.425087
491.5145, 408.16446
491.48688, 390.75824
490.6108, 101.94054
186.60164, 339.16397
489.91562, 182.34177
187.2275, 519.75366
187.28392, 126.14405
187.37802, 471.25604
187.55627, 364.48056
187.80821, 191.56635
187.88759, 531.26263
188.01183, 421.87686
188.01183, 421.87686
488.6317, 426.95975
488.37128, 565.37115
487.8127, 423.50784
487.8127, 423.50784
487.6709, 444.17737
487.46506, 286.80615
487.41278, 163.0691
189.44278, 371.83835
487.09552, 401.6265
487.05862, 464.831
486.94232, 296.4445
190.096, 307.86057
190.096, 307.86057
190.2748, 227.81537
190.99527, 400.0408
191.32239, 370.13794
191.50716, 375.2917
485.44403, 327.1194
191.65701, 423.89746
485.35498, 351.78717
191.81741, 175.43642
191.89613, 312.5923
485.0261, 252.173
485.0261, 252.173
485.0261, 252.173
484.68927, 338.60028
192.87422, 386.7911
193.03473, 325.35092
484.3775, 566.67883
484.2269, 344.57004
193.27574, 368.31848
193.33035, 363.35315
193.44867, 218.77876
193.70296, 488.41528
193.76988, 434.46567
193.8488, 350.92865
484.08374, 349.63513
484.03006, 427.121
194.17471, 226.87067
483.54022, 605.34485
482.04645, 346.83707
482.04645, 346.83707
482.04395, 528.9034
481.3374, 173.51912
480.9978, 355.7419
480.98703, 436.48843
480.26923, 242.51036
195.74971, 223.19739
479.1001, 430.27408
196.25778, 297.00018
478.31976, 512.97925
478.26047, 186.73523
197.04893, 424.3274
478.00156, 394.6106
476.48575, 221.87569
476.0882, 423.67026
475.55225, 246.26884
198.18216, 333.59363
198.27446, 316.00003
198.27446, 316.00003
198.70424, 530.08954
198.7309, 325.45575
198.7309, 325.45575
199.10616, 226.73737
473.8614, 348.44043
473.35703, 510.96814
472.14252, 227.35675
471.81943, 133.90874
471.81943, 133.90874
471.8007, 217.72054
200.1919, 306.3959
470.42142, 242.4786
469.96802, 365.381
200.81572, 395.58884
469.91507, 514.413
469.57544, 396.05746
201.85321, 442.71716
469.52048, 246.4322
201.98799, 366.52332
202.50528, 372.96045
468.84253, 438.98312
468.5561, 362.5543
466.67606, 301.32043
466.67606, 301.32043
204.30804, 341.4348
466.05273, 540.16364
204.65944, 232.74864
465.98956, 358.96875
465.73914, 254.38173
465.15402, 509.6056
204.80992, 122.76908
464.84717, 242.23495
464.2204, 400.97763
463.86475, 234.79498
205.78024, 472.90918
463.36786, 564.1086
206.28381, 331.07275
462.58798, 547.1331
462.03906, 447.51385
206.63951, 319.36826
460.81607, 463.89355
460.4797, 440.62503
460.36523, 400.46747
459.88373, 437.62094
207.687, 309.41736
207.83893, 373.99316
459.6876, 584.65045
458.7735, 264.41776
458.65082, 327.24783
458.6317, 563.0594
458.40567, 453.82895
458.33868, 574.4169
458.33868, 574.4169
209.80298, 346.1123
455.89874, 235.04504
455.37955, 463.57977
454.96603, 211.96172
211.14021, 342.5906
453.8449, 447.7557
453.7905, 505.12497
453.78467, 489.52783
453.28702, 648.8457
453.28702, 648.8457
211.76663, 525.37164
452.18356, 519.8182
451.32666, 401.63535
451.00293, 245.80263
450.20578, 605.4531
449.03632, 376.0515
212.82816, 467.65753
448.27, 524.7581
448.26074, 157.06244
213.24689, 123.32675
447.8789, 271.22992
447.59402, 401.46536
447.53033, 257.31662
446.7831, 642.30676
445.88525, 510.30905
214.19531, 390.05786
214.30504, 294.61084
445.15634, 397.6966
445.0766, 514.6227
444.9837, 298.96646
443.81186, 588.5381
443.2055, 245.1708
443.12372, 593.34827
443.12372, 593.34827
442.6661, 310.80316
442.55325, 401.108
442.42392, 404.71265
216.48094, 382.39362
442.11328, 652.3238
441.88992, 341.778
217.09856, 362.5576
440.5222, 663.496
440.48544, 432.62238
440.29468, 655.7943
217.88269, 442.06378
439.20306, 534.0388
437.83743, 402.64255
218.65486, 343.55554
437.387, 344.68243
436.68915, 242.28178
436.08533, 286.5808
435.97897, 353.40475
435.87228, 416.16968
435.1114, 311.55225
434.95038, 305.59265
434.95038, 305.59265
434.49493, 586.3624
434.0232, 404.2905
219.98396, 520.92
220.03079, 386.85294
220.03079, 386.85294
433.575, 377.2157
433.15295, 529.2217
432.46033, 351.6133
432.46033, 351.6133
432.3198, 346.99722
431.8878, 517.9335
431.61508, 271.1744
430.92514, 404.6733
430.24615, 412.7736
430.24615, 412.7736
222.17021, 342.6466
222.45871, 319.77588
429.29437, 195.22838
222.5512, 231.32155
222.77089, 337.51212
222.77089, 337.51212
428.86746, 417.3969
427.8034, 256.23843
427.56302, 260.5869
427.5465, 240.356
223.45178, 424.4265
426.66446, 243.91869
426.66446, 243.91869
425.64636, 361.99524
223.96439, 568.3353
424.60052, 266.132
424.19308, 236.15858
423.9295, 376.1014
423.9295, 376.1014
423.59357, 132.77444
423.59357, 132.77444
423.58618, 534.3867
423.58618, 534.3867
423.58618, 534.3867
423.5839, 353.01215
423.18356, 622.82294
422.8762, 346.65936
422.54916, 252.44414
225.42418, 392.44104
420.84656, 326.93616
420.84656, 326.93616
420.80902, 240.0861
420.5904, 256.88544
420.52206, 563.99243
226.0209, 334.0546
420.51355, 338.4107
420.4145, 374.28134
419.72403, 260.65057
226.35008, 312.56586
419.16763, 349.69717
226.8671, 117.34571
417.9217, 365.96094
417.58212, 132.36407
417.14175, 322.19504
416.64377, 352.74594
416.5412, 374.79333
415.07318, 332.36887
414.50537, 342.63812
414.2692, 269.03787
414.08142, 259.5728
413.8913, 342.24106
412.9486, 356.07367
412.94354, 361.48172
412.72855, 402.6203
412.68118, 370.6078
412.39185, 407.5838
411.29077, 259.18625
410.45978, 249.0744
410.45978, 249.0744
410.0894, 280.7167
230.628, 220.06058
230.67677, 230.84512
230.93872, 234.10187
231.1992, 351.40488
231.1992, 351.40488
409.32126, 475.93262
406.71228, 251.68997
406.43692, 133.28902
406.43692, 133.28902
406.19296, 237.10655
405.42462, 548.7018
405.42462, 548.7018
234.04703, 520.26965
234.41888, 508.48465
405.406, 357.47562
405.05173, 555.01807
403.41833, 239.7817
234.95651, 233.87482
402.79807, 248.45766
235.34674, 127.340614
235.47469, 448.1334
400.60657, 587.4226
400.60657, 587.4226
399.7982, 220.60483
399.7365, 293.5245
398.8537, 424.4892
398.0917, 267.87793
397.8607, 234.6137
397.85574, 539.19165
397.8491, 274.10907
397.01978, 370.94098
396.74054, 291.06274
396.43802, 412.21347
396.42706, 248.0543
395.60504, 420.09784
395.57935, 373.05008
395.0601, 202.50128
394.76416, 345.89047
394.67563, 353.14542
394.46756, 338.0425
394.46756, 338.0425
394.34335, 438.16455
393.49377, 307.5889
239.13689, 319.44623
239.13689, 319.44623
239.25151, 385.8347
392.4342, 422.03348
240.2007, 442.21582
392.07993, 401.89355
391.8589, 335.3966
240.58409, 407.22845
240.88245, 111.49527
391.53824, 363.67535
241.01842, 339.80627
390.9286, 389.27042
390.37286, 558.8891
390.37286, 558.8891
390.36176, 571.7514
390.09482, 376.85367
389.5077, 286.59732
241.86844, 233.62167
388.05936, 350.63684
387.43958, 267.3745
387.1449, 225.5161
386.83423, 331.8418
386.4871, 234.84943
386.36536, 427.0605
385.80908, 270.31207
385.71698, 340.41504
384.98984, 355.58453
384.80658, 509.53186
384.0529, 516.5714
383.6787, 246.9845
383.30817, 339.4687
383.14008, 545.4168
383.02533, 267.42258
382.95813, 417.84802
382.95813, 417.84802
382.4835, 376.66202
381.9368, 438.3939
381.6776, 253.5468
381.6776, 253.5468
380.91998, 331.60107
380.7826, 349.57397
380.69128, 345.23837
380.52075, 402.45258
380.14246, 515.37634
380.14246, 515.37634
379.81223, 217.40227
246.3095, 347.18878
246.39546, 110.89942
246.39546, 110.89942
378.73883, 259.85263
378.43716, 265.88333
246.59926, 340.10733
378.20648, 226.39745
377.9831, 221.10252
377.70627, 482.10602
377.64914, 256.58643
377.3994, 478.1641
377.38727, 510.0156
377.3359, 246.63184
377.3359, 246.63184
377.03925, 509.87384
248.75131, 337.14456
376.8036, 463.0899
375.94113, 520.46716
375.67535, 657.6025
250.5697, 205.95993
375.09354, 515.0177
375.09354, 515.0177
375.04337, 253.05675
375.04337, 253.05675
374.7153, 223.47249
374.63623, 162.58597
250.89902, 315.24597
373.8047, 343.2761
373.7918, 508.9516
373.52356, 475.94217
373.2301, 196.79529
373.181, 466.9265
373.181, 466.9265
373.02542, 263.98193
252.3499, 349.84772
252.40834, 603.0601
252.40834, 603.0601
371.08456, 221.17853
252.9809, 395.8495
370.67236, 478.9585
253.3904, 375.20404
370.41708, 530.4859
370.3218, 482.9231
370.1376, 482.71902
369.29404, 201.44012
368.54648, 224.59229
254.48788, 598.03595
254.67726, 171.02388
254.80151, 175.04861
254.81816, 366.44913
368.28345, 186.52628
368.28345, 186.52628
255.41011, 121.62591
255.41011, 121.62591
368.16895, 194.54866
368.16895, 194.54866
367.89005, 214.78691
367.82474, 342.89038
367.70172, 516.6133
367.45508, 434.32498
367.0524, 374.11795
367.00873, 456.16733
256.70923, 340.51385
256.86002, 178.14217
257.05267, 289.86432
257.27524, 349.63065
257.4555, 301.3806
257.48865, 313.77292
365.70776, 292.22647
365.69907, 242.83446
365.65103, 583.6905
365.4616, 234.06244
365.08792, 430.4461
258.45676, 294.02786
364.97958, 370.45407
364.97958, 370.45407
364.56467, 425.68076
259.32086, 555.7457
364.3274, 336.51602
364.01447, 421.3012
259.60608, 378.10294
363.44446, 515.598
363.16156, 197.83606
362.7294, 521.6312
362.12067, 505.5081
362.0766, 520.971
362.07394, 530.04816
261.02692, 231.78346
261.0361, 111.59158
361.9562, 202.89185
361.90454, 544.0522
361.663, 140.22989
262.04916, 425.4816
361.4999, 415.5996
359.69534, 453.28577
359.54404, 200.80241
262.65567, 380.9644
358.73032, 378.2936
262.82776, 367.67297
262.855, 114.476395
358.51505, 441.46893
263.21603, 375.27576
357.53534, 218.16998
263.76834, 116.212204
357.53534, 218.16998
357.0072, 456.64172
263.9666, 117.990074
356.52765, 450.06674
355.51807, 544.0692
355.51807, 544.0692
264.51843, 345.94708
355.4975, 430.8951
355.3477, 551.7681
265.16708, 442.12994
354.53357, 239.39067
354.53342, 370.20108
354.53342, 370.20108
265.49756, 284.9929
265.49756, 284.9929
354.1362, 447.66324
354.1362, 447.66324
354.07172, 419.47122
353.84348, 525.5668
353.69946, 135.67267
353.3484, 209.31616
266.81848, 166.18831
352.31735, 556.71387
266.8778, 218.93465
266.8811, 445.87567
266.8811, 445.87567
351.74768, 342.09402
351.70047, 378.08047
351.52716, 464.1237
351.52716, 464.1237
351.45218, 374.6693
268.6047, 278.04636
350.2478, 529.59125
349.45502, 513.0013
269.75183, 425.17303
269.90994, 292.65964
347.177, 531.0773
347.0817, 294.06754
347.0817, 294.06754
270.53366, 315.39853
345.58954, 373.5694
345.00595, 146.36583
272.09012, 560.2763
272.5357, 319.72223
272.68372, 294.86404
272.77133, 300.3501
344.54816, 444.86157
344.51477, 363.45813
273.14038, 286.01953
344.08002, 340.71765
344.0767, 266.20682
273.22888, 334.55966
343.85764, 421.4184
273.82306, 515.91486
343.6475, 486.41443
274.33615, 241.09016
343.2447, 404.36237
343.04236, 647.94696
343.04236, 647.94696
343.04236, 647.94696
342.51407, 545.33044
342.51407, 545.33044
342.4121, 395.33478
341.7626, 537.9477
275.57892, 347.34662
341.4387, 456.66843
341.2908, 9.243177
341.20197, 251.31512
340.6793, 21.279228
340.6793, 21.279228
340.2401, 294.80127
340.22794, 374.81845
340.22794, 374.81845
340.00775, 543.49835
339.56833, 329.7685
277.53973, 580.3285
277.8676, 396.61115
338.4763, 302.97894
338.25287, 310.1396
338.19513, 248.77072
337.41583, 337.10736
278.65, 238.33617
278.90656, 344.69342
336.22864, 393.3119
280.1522, 131.49254
280.2387, 553.64636
335.0916, 90.43001
280.829, 374.41147
334.47705, 308.07507
334.4422, 329.80704
334.18604, 380.17892
281.8986, 105.329254
333.88184, 320.96515
333.71982, 100.79052
333.71982, 100.79052
283.07675, 400.27057
333.5965, 317.33197
333.3221, 243.8713
333.3221, 243.8713
332.93536, 89.2852
284.72583, 66.80084
332.72815, 122.04
284.95346, 598.87946
331.9242, 298.40814
331.71, 531.3043
285.19547, 52.849514
285.3892, 566.9034
331.29004, 283.9931
285.6668, 377.1822
330.51877, 546.64056
330.51877, 546.64056
330.32608, 111.97715
330.32132, 168.87279
330.13, 332.00748
329.67706, 368.08557
289.04913, 566.0537
329.39008, 90.29862
289.27518, 173.58476
289.27518, 173.58476
328.86282, 95.50154
328.61426, 288.18143
328.43906, 294.33624
328.42526, 166.745
328.4195, 283.85583
328.0657, 247.1298
327.8274, 420.3949
327.73303, 339.31015
327.55292, 414.72446
327.47034, 102.12967
327.14307, 555.08765
327.00937, 391.46014
291.20044, 407.3622
291.2989, 411.9359
326.7293, 113.1684
326.7293, 113.1684
326.58038, 530.5331
325.6277, 98.758705
325.50342, 290.86792
325.4371, 133.97763
293.4306, 377.5243
293.5041, 439.41425
325.23853, 242.05515
325.23853, 242.05515
293.90314, 439.72052
324.66763, 353.569
324.5149, 345.577
324.5149, 345.577
323.97577, 440.7986
323.70224, 257.1098
323.58185, 367.1973
295.96097, 340.52567
296.21457, 308.89813
321.91403, 357.14886
321.12234, 328.6414
320.92877, 340.97327
320.81982, 333.42798
320.41003, 445.71173
320.32907, 296.07236
320.32907, 296.07236
320.15485, 449.32495
297.58017, 375.88037
319.9266, 295.77325
319.9266, 295.77325
318.36136, 373.7226
316.89758, 420.69196
316.89758, 420.69196
316.07263, 195.94345
313.29626, 420.74854
301.75955, 574.5056
313.01947, 344.56662
312.98865, 332.26294
312.3865, 406.47342
312.3865, 406.47342
302.4715, 339.87784
302.72903, 323.92685
312.11957, 340.70044
311.7052, 351.92816
303.32504, 353.84464
303.36652, 297.18585
310.95792, 293.93576
310.59937, 541.9704
304.46472, 135.95345
304.5486, 358.70517
310.09683, 285.24643
310.00418, 334.08212
305.2873, 222.11664
308.96475, 673.65753
305.4011, 229.0874
308.3986, 454.02728
306.01215, 329.66
307.71152, 249.22525
306.18494, 24.772192
306.6751, 56.73852
306.7536, 62.760086
306.86038, 107.35471
693.2159, 105.12993
565.36755, 282.66077
695.8616, 367.0257
308.30792, 382.93518
308.57623, 224.30263
696.43884, 117.088394
696.9083, 267.79196
561.07666, 120.886246
309.80872, 23.163094
137.35925, 461.3119
639.8054, 102.21511
137.55478, 658.3644
699.0526, 226.53351
699.0526, 226.53351
552.5236, 119.46293
640.3909, 278.77908
551.95715, 107.59849
550.8354, 356.1492
302.68234, 402.14395
547.00336, 410.14224
546.5997, 118.75603
545.9502, 98.60623
301.50266, 583.4207
708.0247, 109.75184
147.69212, 514.9845
131.5291, 517.77985
685.91125, 578.1388
685.91125, 578.1388
573.2358, 544.0529
543.0732, 655.4905
315.03177, 254.06128
543.0732, 655.4905
300.51868, 127.8018
541.1423, 671.36786
539.9636, 108.27201
714.3143, 109.359344
539.24146, 631.40295
715.6615, 131.92978
150.8333, 355.53275
716.4851, 361.32214
716.63354, 117.67371
575.1408, 316.11954
533.08057, 540.05914
298.947, 417.94922
298.76157, 132.89134
319.34393, 663.48694
531.38, 136.44905
129.85204, 593.29553
297.86133, 149.8108
720.7214, 476.95755
577.97363, 449.91373
526.74963, 240.08856
723.4271, 126.51958
526.4459, 656.4103
525.5167, 631.086
525.5167, 631.086
155.91136, 658.4176
126.300415, 618.3523
296.0362, 593.9122
524.3759, 667.79596
524.3759, 667.79596
523.84265, 121.92272
724.68054, 650.63324
157.05278, 599.30194
48.675243, 219.07233
522.02136, 426.09866
520.5729, 70.08721
641.33386, 118.56718
323.97507, 536.307
323.98108, 417.56436
641.33386, 118.56718
844.36487, 102.0765
518.5494, 595.22986
160.57675, 427.95596
844.12396, 402.93326
293.34335, 671.4075
729.8425, 231.44739
515.13916, 143.86044
514.83307, 423.93323
163.1825, 344.60422
581.9151, 253.32823
730.5338, 128.37433
163.7017, 515.36865
513.62616, 597.58295
513.57666, 625.8957
326.03705, 561.6318
291.89856, 599.33124
291.36407, 247.8715
291.36407, 247.8715
326.8367, 675.6213
582.4267, 405.8612
290.9645, 362.2846
582.4936, 107.08571
124.57108, 227.65367
641.89246, 663.4489
507.3867, 666.56714
507.3867, 666.56714
44.721706, 223.3402
44.721706, 223.3402
174.08054, 657.33887
174.66835, 426.20343
678.7588, 435.84375
585.5931, 176.27307
331.49176, 418.1207
585.5931, 176.27307
842.61816, 424.84055
285.22067, 294.86066
44.454437, 405.29248
332.38028, 653.6508
177.81583, 470.36285
739.13043, 117.93987
67.15605, 363.4178
181.50827, 178.76526
181.50827, 178.76526
742.47394, 489.89114
181.8024, 223.62125
282.1363, 184.07973
281.54947, 653.06976
281.30734, 176.09657
281.05856, 159.83116
746.4038, 448.38373
746.768, 112.81264
280.69604, 147.96088
186.59668, 333.30338
335.4942, 384.6119
335.70966, 603.6581
588.48663, 448.4792
336.04645, 375.5199
279.814, 136.31862
336.61343, 37.239548
189.52301, 349.95172
191.16492, 297.0782
337.45166, 386.9626
278.423, 116.74266
589.5434, 107.466446
193.15045, 596.63
195.34676, 654.3925
195.37822, 199.028
841.1387, 406.22418
196.11679, 356.52747
634.3247, 123.597725
197.00623, 233.44447
755.98566, 363.36792
756.06854, 88.55496
198.8541, 484.13928
471.3317, 135.93452
471.00174, 376.44345
644.07886, 271.12787
38.649746, 530.4461
203.22426, 527.90106
761.7353, 333.7897
839.73303, 228.12326
761.94025, 317.56192
70.08318, 165.7299
672.7433, 342.26172
70.15397, 635.61334
763.93024, 367.33478
671.9395, 612.114
205.1268, 227.14868
274.6882, 228.35446
70.45692, 644.52673
671.16003, 137.11977
463.75534, 433.11615
463.75534, 433.11615
671.16003, 137.11977
765.46173, 117.3978
206.78758, 169.9332
633.23236, 144.06607
460.38593, 515.5214
837.3482, 483.294
457.92575, 389.81125
70.99512, 443.70636
211.36862, 178.45937
211.36862, 178.45937
452.10745, 539.60516
212.38815, 130.9118
212.38815, 130.9118
212.49431, 663.7291
268.29727, 216.21976
447.1277, 518.45184
776.9533, 651.9097
445.4024, 649.37665
777.96893, 106.12879
601.4874, 359.04944
215.43057, 592.5998
778.7341, 655.9643
442.81577, 196.1875
73.909325, 309.95465
217.35812, 585.1718
779.847, 364.92728
665.90967, 135.07228
602.5615, 419.34973
115.36965, 124.43317
115.36965, 124.43317
436.80045, 661.90924
436.80045, 661.90924
781.09534, 107.86928
436.16452, 225.80594
781.44806, 601.3372
781.93054, 112.16274
783.0842, 664.88055
783.8865, 104.77853
645.53595, 488.99692
430.64502, 230.26976
222.73222, 179.63538
29.438192, 408.64215
114.07465, 521.88824
663.4533, 106.02199
663.4136, 130.38155
607.59436, 124.50437
113.88807, 605.887
423.1274, 404.58646
113.13499, 400.707
421.39853, 527.38434
792.10315, 322.19717
420.19196, 129.69127
419.07175, 237.37863
417.19205, 605.4998
831.48315, 92.10017
414.46024, 653.47833
660.87585, 118.77087
660.87585, 118.77087
25.591934, 635.5358
230.66832, 591.5828
76.48139, 211.70177
613.6991, 96.91007
405.5593, 445.30237
802.9345, 641.7504
615.4489, 83.09932
235.20996, 288.53174
259.15936, 345.45837
235.67145, 578.3344
805.6512, 606.56433
648.3639, 266.6784
236.81577, 169.64825
648.3639, 266.6784
77.9626, 527.8368
366.6087, 46.895382
366.6087, 46.895382
648.5211, 485.52875
627.9854, 236.81874
392.83322, 249.94911
240.53125, 214.63727
20.03136, 546.2083
387.82343, 387.36795
620.78143, 118.48399
243.17352, 229.93175
653.0825, 366.66852
370.81882, 441.4401
102.34881, 521.18317
80.55349, 444.65616
626.4207, 109.937454
371.0956, 436.81952
651.9956, 338.28494
248.76772, 161.53171
249.03285, 183.56747
13.154232, 548.1717
373.0427, 499.90118
824.5695, 88.49746
824.4719, 359.06708
306.4248, 62.719223
373.08563, 645.26715
564.8974, 303.0091
373.08563, 645.26715
564.8974, 303.0091
564.0188, 148.65453
565.1063, 611.50287
58.66557, 308.0562
251.17651, 577.05414
135.94292, 608.3816
558.6553, 111.85393
558.475, 147.02438
57.024105, 311.4129
304.15134, 66.75222
375.86472, 669.5134
82.18427, 214.5304
249.89055, 572.6603
554.91064, 671.2136
700.18494, 672.9214
311.04712, 45.636517
700.7512, 140.95815
546.4346, 405.0481
314.12103, 595.0328
686.86743, 104.33108
545.23865, 673.15454
314.93698, 128.7979
819.6145, 88.147964
300.65598, 584.79596
245.94353, 358.6188
315.45148, 574.4468
63.043755, 359.609
818.97125, 426.92252
300.08914, 192.94336
102.42875, 608.55457
573.8525, 305.68332
149.25919, 645.6357
245.80843, 600.96814
714.4176, 127.10709
381.8107, 163.858
574.4421, 147.4539
716.6647, 367.1784
716.6647, 367.1784
717.10004, 474.28928
299.40417, 594.3978
718.35284, 122.812706
718.35284, 122.812706
532.8167, 294.0129
152.92699, 629.705
532.15894, 661.9953
531.9187, 118.203766
129.324, 651.4572
638.5269, 665.19806
815.7313, 222.33597
385.44904, 420.5708
127.43145, 513.92175
815.69244, 589.3358
320.94397, 133.90535
296.65707, 199.59587
526.3157, 236.78043
524.7744, 593.9101
522.8844, 626.37305
18.446814, 213.34573
522.1415, 78.893684
19.042055, 229.8756
158.0571, 650.4834
521.38696, 109.109726
681.5163, 112.23906
389.8556, 170.91005
828.0969, 146.84708
518.345, 673.40173
254.5002, 116.1471
681.5163, 112.23906
162.08302, 612.6953
162.08302, 612.6953
162.46559, 578.18353
392.47855, 223.02553
104.97137, 125.791046
637.6356, 85.50543
654.69885, 117.05975
291.32382, 259.51093
393.40314, 586.92896
165.40709, 167.49756
732.13763, 110.39515
582.8508, 117.48431
290.8808, 356.27835
238.33032, 292.0859
238.3018, 119.86074
290.4493, 367.73776
90.36954, 367.43796
628.1109, 114.56071
507.7462, 627.27563
808.47845, 317.92075
21.1929, 536.2413
286.273, 284.9657
256.98053, 601.37146
21.463497, 315.2229
176.77892, 201.34406
123.338715, 603.3682
178.18762, 302.87515
178.18762, 302.87515
365.996, 650.7026
123.13906, 223.89148
365.55157, 577.6805
178.24707, 181.72041
740.554, 107.49995
740.89514, 504.61945
97.45567, 393.92853
259.14697, 114.4214
67.50823, 651.96454
107.569244, 224.1418
91.053474, 655.4427
334.48245, 658.8679
746.34424, 155.79793
334.54553, 59.899906
234.97131, 584.0512
334.91324, 53.099773
186.57527, 187.6255
588.06726, 178.47876
747.9077, 124.19482
747.9077, 124.19482
404.03174, 386.49673
121.65127, 210.41891
335.87656, 651.39716
335.98087, 170.15717
589.13904, 365.32156
336.50784, 158.5512
190.37035, 643.0449
41.340958, 638.77405
24.147408, 315.73126
337.4072, 137.60443
751.0168, 148.27754
753.4214, 95.890915
96.959076, 521.21844
800.2849, 624.2379
799.8895, 639.1278
799.78143, 601.4344
799.64905, 640.0454
754.14764, 113.4544
754.14764, 113.4544
340.0131, 379.63266
340.6491, 169.08685
198.0566, 218.26799
120.106125, 309.4491
409.83017, 625.02057
409.9558, 232.71312
592.1301, 247.22195
592.1301, 247.22195
472.3374, 356.5872
230.29602, 303.41724
468.16226, 147.6179
762.9661, 129.15845
465.1536, 259.95798
228.96175, 530.1585
464.07104, 425.10245
661.6497, 664.0604
271.5173, 216.2199
458.50543, 154.79681
771.19446, 654.01886
226.66571, 214.32657
71.09908, 365.9703
270.05807, 198.28406
211.7264, 666.8433
451.4475, 674.3793
349.40158, 647.4616
36.372868, 642.0781
36.372868, 642.0781
774.127, 90.88245
349.9421, 455.99622
225.0293, 222.9923
212.71043, 181.42566
774.22565, 359.69632
448.3493, 428.92508
631.90985, 667.11145
224.93623, 352.8995
268.13416, 189.11038
351.32132, 397.23038
224.90778, 581.8218
790.46204, 101.17167
445.3411, 667.7909
444.79688, 220.38911
214.76326, 668.06604
95.671684, 539.32904
215.0776, 127.12579
836.2408, 96.06089
266.56653, 587.95483
442.39313, 623.91956
441.75696, 353.53088
216.6548, 113.13909
75.25798, 313.3981
265.57892, 169.19382
665.0886, 665.1699
436.05554, 547.9955
355.39813, 600.2194
435.10455, 649.6645
784.23157, 443.1996
358.03088, 643.3294
357.69427, 160.89365
263.25076, 610.7913
263.33224, 610.70544
700.23334, 93.22568
311.22943, 53.03058
702.35614, 493.87045
550.9025, 409.6931
302.86166, 215.77629
302.38333, 180.05118
250.14027, 652.3487
145.34848, 628.3409
545.8879, 657.64386
307.03967, 11.018398
358.14975, 637.3438
786.6046, 364.5758
300.54327, 162.11133
714.10626, 249.54648
538.4378, 136.38808
537.551, 674.4863
536.862, 127.688354
131.24168, 220.95604
130.93367, 625.0858
16.802258, 574.83905
299.03543, 111.98916
298.68604, 278.0734
816.60895, 582.9926
243.27821, 604.08844
98.93115, 297.5489
438.11868, 610.1378
439.88794, 672.0341
439.9411, 264.96313
255.40329, 583.031
162.63408, 623.7075
627.95306, 90.194016
216.73486, 173.51413
238.87985, 203.33035
106.11425, 525.4942
583.0581, 433.5131
583.0581, 433.5131
778.91614, 103.065636
584.2778, 437.18106
395.5568, 647.517
395.5568, 647.517
170.60074, 356.464
124.210075, 631.05914
395.91254, 620.58563
214.72894, 169.17038
617.56287, 656.0751
655.87067, 104.89224
179.71611, 323.89478
181.41554, 229.86958
743.0455, 115.648605
744.17065, 676.4704
97.33052, 220.6851
267.64813, 634.28467
213.96216, 309.8644
108.483215, 352.75842
280.05786, 412.08066
657.7793, 88.76411
268.15414, 653.82965
690.9492, 91.09587
233.95389, 190.10655
589.34973, 165.97946
374.88654, 619.1106
450.91223, 617.16016
269.36313, 612.8685
792.51886, 97.9328
451.54172, 357.93176
276.60938, 109.22661
251.88704, 125.04938
624.6027, 660.20233
198.95256, 357.17374
772.56995, 117.89466
199.87717, 357.20493
362.4259, 647.0128
592.2151, 438.1866
275.55664, 215.46497
210.4669, 174.86719
92.95114, 304.02975
771.81134, 363.83368
455.99948, 523.27014
413.2112, 131.28731
456.6385, 358.16177
457.29034, 385.99356
93.10113, 197.997
669.3144, 668.81506
346.93817, 646.0328
272.62604, 122.098694
207.42548, 112.02357
769.90356, 145.91568
769.90356, 145.91568
208.96533, 188.23184
147.9401, 623.0395
147.9401, 623.0395
544.10583, 649.7632
670.10187, 649.48206
692.97833, 139.98564
355.755, 162.41212
417.04816, 232.65878
670.5629, 618.5266
694.07495, 675.48254
769.1028, 87.068245
512.9374, 131.38419
709.41833, 140.75468
208.96533, 188.23184
299.56784, 51.168003
415.7064, 662.38885
810.6301, 321.16022
209.39998, 114.70625
70.60667, 599.99115
240.90356, 397.46124
512.00775, 107.718254
462.6686, 421.99368
327.3992, 653.08826
303.84372, 132.55275
510.91895, 625.9866
441.43463, 357.2365
582.70886, 379.91055
538.9664, 656.28107
582.70886, 379.91055
786.1072, 591.0863
270.31573, 228.80699
9.1772585, 32.58501
89.04871, 537.61487
394.83838, 386.37546
795.6333, 63.449066
80.3839, 290.34546
343.09436, 663.4103
784.76215, 93.656425
672.2084, 304.49194
204.49052, 219.87268
138.97545, 654.3404
575.0947, 218.13348
534.8046, 672.7793
343.05838, 211.33023
167.07617, 603.1204
27.488676, 310.4453
343.05838, 211.33023
508.36246, 117.414635
167.9058, 528.021
647.3808, 298.49258
729.52014, 628.1188
202.95094, 666.91974
673.2303, 667.73346
442.5707, 556.14526
439.64334, 617.6211
808.5728, 661.15875
542.4024, 662.297
685.44666, 444.80457
797.7188, 589.2015
303.6305, 150.91672
471.79608, 128.50864
807.99725, 654.30115
199.82472, 119.27702
260.14697, 603.4226
552.65967, 659.13214
260.14697, 603.4226
89.04871, 537.61487
571.9461, 335.85645
504.7224, 628.5955
531.4338, 633.35126
692.9839, 677.1878
581.39435, 440.88434
551.58594, 131.9578
245.64008, 226.40527
546.48035, 132.5861
503.7847, 364.23044
92.38736, 531.7994
363.277, 635.3591
429.13562, 523.4455
316.54947, 134.3544
675.37714, 123.46067
675.6759, 141.37038
646.8311, 405.56586
603.3862, 107.176895
103.14525, 658.02606
740.05774, 123.19995
178.94551, 204.76682
263.02765, 173.06479
308.65485, 150.72946
142.94038, 650.7092
142.94038, 650.7092
522.11255, 133.3346
144.58803, 606.5365
540.63165, 645.15283
283.5593, 669.7739
48.800106, 127.71086
214.18231, 228.13823
487.62982, 447.79742
182.57234, 380.97092
213.74178, 613.79694
706.3372, 126.98249
526.421, 341.662
558.0281, 128.21375
447.48456, 548.66693
295.48352, 664.0635
697.5406, 657.5987
242.59392, 187.99997
242.54628, 177.68471
253.98578, 129.40833
402.1845, 653.84845
427.3036, 620.4712
813.77594, 579.39526
427.3036, 620.4712
88.91832, 543.7406
724.28284, 659.38806
403.23068, 645.26074
705.47217, 502.97073
267.71494, 675.07355
281.57956, 415.01932
446.81342, 163.41313
304.5701, 131.74059
304.7003, 171.53368
468.52634, 657.1085
150.01656, 341.60492
769.0233, 325.22604
768.9669, 325.26047
194.50009, 341.1364
581.9897, 625.4207
180.70822, 234.16318
